100 13193
100 440
100 5768
100 22813
100 5692
100 11856
100 4203
100 12172
100 5558
100 18132
100 7903
100 5036
100 18310
100 923
100 1329
100 14706
100 15542
100 3353
100 10952
100 8250
100 27244
100 17944
100 12195
100 10140
100 24630
100 14870
100 24912
100 26422
100 6004
100 12539
100 138
100 22765
100 2335
100 20316
100 18920
100 32975
100 2450
100 5958
100 13679
100 8175
100 38793
100 1851
100 68078
100 13900
100 2690
100 6779
100 9526
100 7859
100 12085
100 3425
100 10144
100 23716
100 972
100 16835
100 6536
100 26328
100 7435
100 143
100 15435
100 1526
100 992
100 22967
100 23998
100 1076
100 6000
100 11822
100 13905
100 1898
100 31886
100 17623
100 20383
100 11429
100 1571
100 18417
100 884
100 1188
100 6080
100 14834
100 10469
100 5255
100 4989
100 7142
100 99
100 3347
100 4284
100 4170
100 3209
100 2155
100 10160
100 14221
100 6057
100 617
100 2146
100 1723
100 2092
100 935
100 8411
100 38002
100 17606
100 9891
100 17284
100 10741
100 1131
100 4198
100 6456
100 14466
100 8970
100 10022
100 7124
100 22015
100 5880
100 12637
100 9978
100 4211
100 4956
100 4100
100 15821
100 8481
100 1578
100 6094
100 12111
100 1887
100 2824
100 8218
100 15881
100 11848
100 5445
100 1513
100 2892
100 19216
100 5767
100 13793
100 7097
100 6430
100 7638
100 2591
100 1487
100 2503
100 16396
100 21598
100 6209
100 1650
100 2064
100 12677
100 11802
100 31807
100 3533
100 3652
100 419
100 1652
100 1559
100 361
100 23171
100 17546
100 1319
100 1374
100 1064
100 4705
100 2578
100 397
100 4951
100 14569
100 1964
100 5516
100 9079
100 9803
100 4370
100 10391
100 7259
100 1803
100 11502
100 26317
100 16374
100 15625
100 5985
100 367
100 6455
100 79920
100 8566
100 34823
100 34809
100 10152
100 4479
100 9302
100 875
100 426
100 17638
100 968
100 10191
100 26181
100 270
100 30870
100 1002
100 22173
100 8427
100 11868
100 9826
100 14104
100 3701
100 17880
100 8538
100 3594
100 8247
100 12135
100 7795
100 5849
100 35027
100 1442
100 1343
100 20880
100 11648
100 3403
100 8966
100 691
100 31705
100 2025
100 1137
100 11515
100 2736
100 1725
100 8301
100 21739
100 812
100 14791
100 10978
100 5299
100 9482
100 741
100 1785
100 2081
100 21342
100 8963
100 15433
100 21603
100 6475
100 1918
100 41035
100 17257
100 815
100 516
100 2089
100 12527
100 806
100 26670
100 21272
100 922
100 19831
100 165
100 5373
100 10372
100 332
100 2543
100 26207
100 3143
100 8233
100 13382
100 31840
100 22560
100 9632
100 46517
100 5726
100 4807
100 9270
100 3422
100 2240
100 31059
100 5866
100 4419
100 3292
100 816
100 44429
100 8304
100 1701
100 8311
100 1679
100 14513
100 8740
100 81
100 17352
100 9330
100 9521
100 10143
100 8298
100 3890
100 4245
100 2141
100 13085
100 18022
100 9421
100 46502
100 1289
100 20028
100 1030
100 9284
100 4109
100 19939
100 1406
100 5724
100 16565
100 14870
100 8112
100 6539
100 3489
100 18162
100 16425
100 11396
100 10661
100 4537
100 24751
100 12700
100 5362
100 2830
100 8321
100 12698
100 674
100 6255
100 2347
100 14245
100 8672
100 663
100 11732
100 7781
100 5185
100 3946
100 7110
100 1367
100 2250
100 2748
100 2538
100 41223
100 6371
100 1449
100 181
100 689
100 26114
100 4386
100 8216
100 9258
100 11621
100 1244
100 13896
100 10751
100 7626
100 23745
100 7281
100 14554
100 7610
100 8211
100 16714
100 3694
100 1268
100 6001
100 19898
100 5138
100 6839
100 11752
100 1436
100 1867
100 5865
100 26581
100 1252
100 2943
100 2023
100 11810
100 21338
100 5709
100 21852
100 225
100 8585
100 42443
100 18086
100 22880
100 63098
100 796
100 15086
100 14811
100 7071
100 13745
100 3638
100 320
100 4040
100 835
100 964
100 7641
100 23701
100 15915
100 8346
100 4350
100 736
100 446
100 16172
100 10700
100 24754
100 11101
100 11161
100 21395
100 715
100 3606
100 15346
100 1904
100 13003
100 5824
100 9212
100 4568
100 6404
100 4033
100 21760
100 5478
100 13026
100 2819
100 2557
100 3825
100 7931
100 158
100 16534
100 3039
100 12441
100 6739
100 25965
100 14116
100 8118
100 19719
100 1783
100 4761
100 37692
100 11510
100 1408
100 3286
100 5692
100 30086
100 21814
100 11990
100 4276
100 1243
100 2020
100 2558
100 35448
100 9590
100 483
100 24131
100 18909
100 1015
100 1308
100 7665
100 1544
100 6078
100 8830
100 153
100 1839
100 6838
100 2036
100 413
100 35336
100 15642
100 5925
100 6373
100 11156
100 10365
100 11078
100 6316
100 90
100 11387
100 11181
100 2283
100 1563
100 7860
100 323
100 10755
100 20795
100 11738
100 3542
100 5244
100 16273
100 16490
100 23621
100 27802
100 5667
100 6608
100 29778
100 18059
100 19486
100 7184
100 15252
100 1679
100 10606
100 9443
100 1990
100 5541
100 955
100 70071
100 7647
100 26151
100 6954
100 17193
100 4873
100 9132
100 6906
100 22619
100 3835
100 8654
100 1482
100 4024
100 3502
100 15352
100 7207
100 11403
100 1873
100 13368
100 43720
100 5493
100 26901
100 5483
100 39026
100 5728
100 785
100 3264
100 7154
100 7592
100 6989
100 7614
100 6923
100 10149
100 23184
100 10779
100 14937
100 7693
100 11998
100 4858
100 8489
100 553
100 9121
100 6361
100 17119
100 5945
100 4565
100 2268
100 22559
100 14487
100 10253
100 2583
100 303
100 1439
100 9797
100 16494
100 2183
100 11747
100 12791
100 6792
100 2670
100 5923
100 19847
100 2525
100 203
100 2585
100 6541
100 10420
100 7680
100 777
100 5832
100 31839
100 15838
100 3796
100 3295
100 3087
100 22134
100 4726
100 5299
100 12726
100 1269
100 3408
100 40019
100 5258
100 726
100 1473
100 1743
100 4174
100 1955
100 7161
100 5788
100 6486
100 7747
100 14504
100 3630
100 6822
100 6963
100 9380
100 1944
100 55112
100 17317
100 9629
100 1277
100 889
100 845
100 17815
100 4619
100 103
100 23103
100 12190
100 9246
100 88
100 14267
100 13761
100 6543
100 1747
100 16389
100 855
100 31111
100 16051
100 4523
100 3964
100 18864
100 18071
100 22432
100 5719
100 9935
100 19057
100 13615
100 13255
100 7040
100 18030
100 15783
100 2669
100 4436
100 22591
100 8205
100 813
100 28533
100 3065
100 4282
100 4384
100 2698
100 3227
100 3565
100 31648
100 2952
100 29929
100 6599
100 11384
100 6308
100 14618
100 17239
100 458
100 665
100 4279
100 2670
100 31182
100 78610
100 4601
100 4062
100 2871
100 23662
100 17100
100 5432
100 9511
100 4216
100 1508
100 3350
100 1331
100 5501
100 731
100 6176
100 8007
100 4882
100 2048
100 7152
100 7393
100 1157
100 503
100 4002
100 3005
100 24307
100 15752
100 21504
100 4146
100 2381
100 7984
100 2102
100 8509
100 9233
100 3178
100 5589
100 3066
100 9618
100 2678
100 750
100 11566
100 3308
100 3522
100 3247
100 421
100 3907
100 21382
100 92
100 8036
100 681
100 15761
100 12115
100 24309
100 6009
100 2459
100 9710
100 87
100 324
100 18515
100 10893
100 43744
100 32810
100 3079
100 4067
100 2588
100 6312
100 8842
100 2971
100 10007
100 4008
100 945
100 23047
100 8862
100 4047
100 30131
100 9297
100 32724
100 15629
100 8299
100 2849
100 275
100 12043
100 7567
100 37072
100 34
100 7026
100 5986
100 1258
100 18475
100 8774
100 1267
100 16461
100 44034
100 2908
100 825
100 2554
100 7780
100 205
100 6191
100 5555
100 5
100 31234
100 2311
100 7340
100 1902
100 373
100 2547
100 24869
100 29486
100 2726
100 1132
100 4875
100 9963
100 7140
100 10625
100 1862
100 12534
100 16056
100 136
100 37653
100 13291
100 2567
100 2050
100 8041
100 787
100 2782
100 17379
100 2887
100 8292
100 20153
100 43
100 24197
100 3732
100 17919
100 18403
100 3119
100 11404
100 11706
100 4338
100 1932
100 474
100 8761
100 1278
100 17114
100 19102
100 7267
100 254
100 12521
100 12641
100 9925
100 4586
100 8827
100 4569
100 26909
100 4627
100 6590
100 2530
100 59558
100 252
100 32506
100 10805
100 1537
100 4353
100 18936
100 1838
100 17747
100 1689
100 10908
100 14917
100 721
100 10970
100 49769
100 6303
100 6376
100 4301
100 3245
100 955
100 11575
100 22417
100 5788
100 35967
100 1310
100 5179
100 11841
100 125
100 11066
100 1041
100 1
100 5485
100 2611
100 5389
100 6581
100 7504
100 1740
100 4409
100 1197
100 7479
100 2436
100 2360
100 11100
100 22
100 9391
100 234
100 1808
100 172
100 33051
100 380
100 18
100 7761
100 7234
100 15031
100 1290
100 6084
100 11473
100 533
100 9209
100 2879
100 7265
100 845
100 8297
100 3258
100 4610
100 18661
100 15595
100 4829
100 3475
100 3633
100 11969
100 5676
100 638
100 4028
100 14522
100 12103
100 5844
100 4791
100 9777
100 460
100 2017
100 14208
100 6146
100 2122
100 1436
100 897
100 1207
100 22659
100 3003
100 1460
100 8268
100 20447
100 7161
100 43895
100 516
100 5761
100 7522
100 9593
100 890
100 3233
100 43433
100 6400
100 2452
100 12312
100 576
100 29368
100 6146
100 13494
100 1089
100 1922
100 9053
100 4691
100 548
100 22947
100 7153
100 29109
100 1060
100 23087
100 9697
100 2510
100 3926
100 19519
100 4446
100 5655
100 8325
100 12899
100 14661
100 41233
100 14204
100 23626
100 16900
100 2191
100 13171
100 18364
100 15051
100 2237
100 6867
100 6535
100 27720
100 9661
100 25494
100 23943
100 1238
100 4997
100 2213
100 2771
100 6242
100 16298
100 3212
100 858
100 14259
100 9800
100 11081
100 10580
100 11086
100 19004
100 12074
100 20353
100 127
100 296
100 33948
100 3183
100 7930
100 8838
100 32037
100 15695
100 25901
100 5429
100 5714
100 11195
100 8998
100 10270
100 6998
100 4409
100 186
100 55988
100 8773
100 6427
100 24078
100 15637
100 16496
100 197
100 35417
100 295
100 309
100 17387
100 5815
100 13537
100 30908
100 29779
100 25377
100 44138
100 31955
100 32082
100 6806
100 10649
100 2323
100 7117
