100 11460
100 25374
100 6414
100 59426
100 646
100 5504
100 15925
100 21411
100 2388
100 12728
100 27268
100 8498
100 11092
100 594
100 1139
100 5394
100 6962
100 12980
100 10424
100 13165
100 28099
100 1434
100 4942
100 1466
100 8942
100 25984
100 3400
100 1266
100 15057
100 13725
100 11833
100 9127
100 15373
100 1365
100 11030
100 23746
100 15825
100 413
100 4075
100 3567
100 5212
100 21026
100 5522
100 4186
100 6047
100 6133
100 16606
100 1310
100 69
100 366
100 21596
100 11067
100 116
100 5980
100 22677
100 30951
100 33809
100 5445
100 25799
100 22407
100 1806
100 28400
100 1810
100 5505
100 7734
100 32940
100 14790
100 6995
100 5646
100 31791
100 20477
100 8127
100 12965
100 262
100 11290
100 1317
100 1
100 4077
100 12218
100 42738
100 10886
100 12094
100 4419
100 13473
100 3365
100 18195
100 25516
100 3919
100 2696
100 14769
100 2698
100 1410
100 634
100 37171
100 5829
100 36248
100 11805
100 9720
100 410
100 7136
100 27589
100 3144
100 10523
100 17523
100 18004
100 1944
100 15216
100 1739
100 3345
100 5967
100 9581
100 724
100 9938
100 19979
100 34921
100 5076
100 16304
100 3705
100 16650
100 8597
100 13595
100 1680
100 24706
100 11111
100 30360
100 4622
100 2766
100 437
100 12585
100 2081
100 1218
100 12353
100 14597
100 18922
100 3786
100 3408
100 13553
100 7210
100 13156
100 14781
100 592
100 9094
100 5331
100 14442
100 6791
100 35480
100 23222
100 1024
100 8457
100 10609
100 1654
100 5747
100 12712
100 127
100 6875
100 6278
100 13359
100 6343
100 11268
100 6406
100 5439
100 7588
100 21964
100 2786
100 38190
100 9669
100 12729
100 3914
100 1979
100 1050
100 6240
100 1558
100 1976
100 12440
100 4435
100 2359
100 26945
100 5510
100 31174
100 2090
100 4705
100 6040
100 516
100 8187
100 34174
100 6601
100 22991
100 3280
100 45131
100 19377
100 19265
100 15629
100 2246
100 231
100 36430
100 40
100 2409
100 4577
100 958
100 1391
100 3523
100 8230
100 5658
100 1829
100 2699
100 15720
100 15086
100 829
100 249
100 5113
100 13035
100 13425
100 4387
100 6472
100 11118
100 69
100 13119
100 11095
100 3595
100 19722
100 2158
100 5214
100 4213
100 1382
100 7977
100 1210
100 497
100 1550
100 18368
100 5116
100 16176
100 3503
100 447
100 458
100 2115
100 24169
100 21283
100 388
100 19439
100 19603
100 5460
100 6726
100 4114
100 4769
100 4219
100 1262
100 28793
100 2332
100 34731
100 24032
100 1264
100 17863
100 2262
100 12873
100 17925
100 1936
100 2381
100 3061
100 17375
100 4956
100 7194
100 2776
100 2539
100 4099
100 11380
100 9785
100 9570
100 3918
100 4873
100 11477
100 17536
100 13367
100 5114
100 6895
100 24246
100 16021
100 18815
100 5560
100 32634
100 4788
100 2381
100 30149
100 11734
100 28133
100 3887
100 14073
100 762
100 11689
100 34050
100 7387
100 2635
100 282
100 21961
100 31099
100 487
100 1780
100 7067
100 5670
100 9985
100 14274
100 4198
100 4718
100 30812
100 10397
100 10462
100 100
100 5637
100 2424
100 2274
100 11986
100 2135
100 6042
100 15448
100 5909
100 7964
100 16348
100 12608
100 2757
100 27043
100 7117
100 1728
100 6603
100 5597
100 27604
100 12890
100 5931
100 3050
100 1533
100 6293
100 659
100 10151
100 7384
100 396
100 1875
100 9658
100 105
100 22081
100 3463
100 23082
100 23929
100 4029
100 18818
100 23207
100 842
100 32079
100 33739
100 4905
100 38420
100 18940
100 474
100 463
100 10428
100 15249
100 5948
100 12353
100 1884
100 21687
100 8492
100 9876
100 295
100 30513
100 7251
100 9227
100 15284
100 1656
100 2375
100 7517
100 17605
100 8505
100 9165
100 17117
100 4541
100 672
100 13047
100 5703
100 588
100 36729
100 12456
100 16366
100 6820
100 7138
100 6680
100 10234
100 6398
100 19857
100 1429
100 26901
100 8586
100 7375
100 2900
100 9069
100 21618
100 13739
100 45591
100 12719
100 1846
100 2950
100 5865
100 18600
100 3956
100 6293
100 1659
100 26745
100 14202
100 1598
100 12962
100 12051
100 14672
100 115
100 25684
100 704
100 321
100 6210
100 16927
100 6134
100 5050
100 7778
100 14878
100 3464
100 4371
100 3189
100 1488
100 708
100 21297
100 11239
100 1129
100 13285
100 3846
100 496
100 10765
100 16565
100 5881
100 23057
100 9931
100 9460
100 4542
100 4809
100 17813
100 20903
100 5932
100 23569
100 1781
100 5583
100 7372
100 4095
100 2009
100 132
100 499
100 7942
100 19351
100 14302
100 1882
100 6459
100 14627
100 26877
100 11482
100 1631
100 4961
100 20096
100 8771
100 11239
100 2441
100 12449
100 2072
100 4971
100 14239
100 3705
100 12003
100 39231
100 27518
100 8689
100 13315
100 4401
100 36123
100 13022
100 7513
100 921
100 411
100 443
100 32396
100 20966
100 5053
100 7926
100 11457
100 16900
100 3208
100 23194
100 3713
100 13007
100 2775
100 10357
100 79
100 4281
100 4914
100 9421
100 9669
100 18581
100 368
100 4469
100 4501
100 1539
100 598
100 11865
100 7909
100 5824
100 6538
100 1258
100 13173
100 17767
100 2875
100 25948
100 10883
100 14
100 461
100 887
100 20862
100 8074
100 11757
100 9127
100 12157
100 13667
100 4874
100 7352
100 1380
100 123
100 8410
100 4365
100 21
100 19120
100 8332
100 7660
100 4716
100 2490
100 31082
100 6186
100 10660
100 13807
100 1252
100 619
100 7820
100 7415
100 20596
100 3208
100 15127
100 9833
100 14451
100 11137
100 4256
100 22001
100 33163
100 14555
100 7534
100 3549
100 5972
100 11573
100 2496
100 1921
100 1626
100 2301
100 2699
100 12796
100 9990
100 12706
100 17486
100 15949
100 11109
100 4498
100 16752
100 24442
100 564
100 12703
100 6724
100 10720
100 3149
100 9736
100 10319
100 6550
100 16335
100 2506
100 594
100 12758
100 19656
100 2883
100 17649
100 4413
100 3492
100 1973
100 4100
100 6024
100 6835
100 4432
100 6301
100 982
100 11789
100 4117
100 4132
100 1210
100 2596
100 13223
100 7400
100 11774
100 12426
100 6624
100 2716
100 15364
100 1201
100 9528
100 3601
100 4449
100 562
100 3840
100 11752
100 4710
100 9537
100 9461
100 10942
100 5212
100 22124
100 27555
100 1699
100 29083
100 1128
100 7700
100 2096
100 5057
100 5978
100 978
100 15572
100 2603
100 4834
100 14688
100 1670
100 4109
100 5672
100 1907
100 29403
100 19256
100 5972
100 20610
100 28002
100 52254
100 70488
100 7745
100 4609
100 24941
100 957
100 4701
100 4284
100 359
100 18906
100 2866
100 934
100 26328
100 16377
100 11191
100 1654
100 1749
100 4391
100 6260
100 369
100 21327
100 4707
100 2684
100 4964
100 5146
100 2108
100 3564
100 65090
100 490
100 5766
100 3587
100 18914
100 10247
100 2891
100 9466
100 7572
100 496
100 441
100 6431
100 18085
100 3162
100 2581
100 11015
100 16192
100 7367
100 7495
100 2896
100 6321
100 6685
100 1982
100 8446
100 11397
100 9153
100 9577
100 6501
100 147
100 2124
100 5093
100 6110
100 36903
100 4866
100 3516
100 14240
100 132
100 23465
100 24147
100 3607
100 16482
100 6769
100 3125
100 3283
100 7212
100 32150
100 10675
100 10047
100 12016
100 1520
100 476
100 569
100 5086
100 1544
100 737
100 722
100 2163
100 1395
100 20445
100 16740
100 2671
100 4141
100 12740
100 13726
100 6920
100 6385
100 5166
100 13684
100 2067
100 8384
100 16298
100 1190
100 23494
100 3726
100 23521
100 31645
100 17155
100 4576
100 16746
100 9552
100 918
100 15610
100 208
100 1560
100 244
100 4137
100 18547
100 2149
100 8451
100 8379
100 20383
100 22503
100 2528
100 17499
100 5495
100 24327
100 13740
100 4622
100 32
100 999
100 2113
100 1076
100 21049
100 4587
100 5047
100 1199
100 523
100 4314
100 19130
100 5880
100 8483
100 14122
100 7926
100 11082
100 1663
100 23494
100 2228
100 76
100 6406
100 18079
100 27752
100 8693
100 3539
100 39023
100 2672
100 8960
100 5790
100 19362
100 19909
100 8140
100 7482
100 40373
100 19347
100 10433
100 217
100 2182
100 3497
100 990
100 13798
100 10063
100 7969
100 80
100 8536
100 1205
100 8184
100 8139
100 21632
100 13785
100 3488
100 1920
100 11167
100 14179
100 12839
100 1292
100 233
100 33605
100 24757
100 4508
100 30008
100 1141
100 1636
100 6454
100 2415
100 4445
100 6593
100 15930
100 3673
100 525
100 4210
100 12296
100 17175
100 11411
100 12871
100 2355
100 3109
100 8102
100 9891
100 24449
100 1725
100 6640
100 21892
100 1369
100 21208
100 9193
100 971
100 7280
100 16129
100 8662
100 15892
100 8396
100 15610
100 10357
100 1104
100 2626
100 3475
100 12571
100 514
100 1524
100 26273
100 34049
100 6
100 113
100 48
100 2969
100 34259
100 6891
100 8451
100 5518
100 9872
100 7905
100 5759
100 4879
100 2023
100 6488
100 11372
100 1717
100 6829
100 6929
100 6972
100 9987
100 8795
100 15313
100 5014
100 9157
100 202
100 3909
100 3306
100 18964
100 6984
100 65
100 13032
100 3532
100 13524
100 1205
100 16439
100 2047
100 12232
100 572
100 21874
100 7698
100 3848
100 3525
100 9711
100 2475
100 2386
100 2622
100 4890
100 1594
100 1329
100 20313
100 9882
100 2116
100 8585
100 18463
100 9375
100 10117
100 1563
100 57447
100 5042
100 25979
100 12269
100 7263
100 6817
100 8605
100 15507
100 11070
100 545
100 3091
100 5226
100 5127
100 1058
100 434
100 33287
100 12905
100 25397
100 14210
100 6188
100 14818
100 35364
100 9391
100 52751
100 14181
100 293
100 3384
100 3508
100 8564
100 18226
100 17218
100 91
100 8962
100 15797
100 7929
100 7742
100 7716
100 784
100 7703
100 4426
100 1343
100 5759
100 20700
100 19840
100 16244
100 5412
100 6647
100 6201
100 12243
100 13139
100 674
100 27
100 7219
100 3220
100 871
100 22590
100 12284
100 3127
100 343
100 16379
100 9659
100 11944
100 5052
100 5717
100 2946
100 19854
100 34558
100 2289
100 19542
100 8
100 3398
100 1710
100 5076
100 904
100 4883
100 1076
