100 37565
100 4683
100 19447
100 7418
100 6575
100 9261
100 15669
100 2007
100 3661
100 3875
100 3272
100 6577
100 5557
100 7414
100 3503
100 3123
100 513
100 1123
100 42835
100 3267
100 4377
100 1581
100 6150
100 7849
100 213
100 19578
100 8354
100 7915
100 11067
100 7817
100 7595
100 15099
100 4555
100 22073
100 37496
100 14596
100 3526
100 4347
100 2045
100 4052
100 15930
100 42150
100 8609
100 1105
100 35117
100 3956
100 3811
100 6311
100 12367
100 3103
100 6626
100 2345
100 10525
100 51019
100 12573
100 6812
100 7440
100 4298
100 301
100 20204
100 15017
100 3019
100 29474
100 4486
100 15180
100 6172
100 5093
100 8462
100 1711
100 19102
100 22789
100 3298
100 5625
100 6758
100 5048
100 16926
100 8516
100 1887
100 1493
100 4136
100 5853
100 1696
100 3866
100 33100
100 38451
100 10830
100 1925
100 5204
100 11656
100 2067
100 5781
100 5088
100 13726
100 1559
100 2728
100 2122
100 7811
100 1443
100 11052
100 7626
100 15319
100 3417
100 103
100 11557
100 9310
100 9775
100 571
100 10643
100 11092
100 2799
100 1040
100 116493
100 18923
100 1437
100 11692
100 18776
100 5721
100 24296
100 10291
100 14561
100 3390
100 875
100 7938
100 10597
100 4313
100 3471
100 1055
100 12325
100 15058
100 18346
100 6644
100 13650
100 3630
100 8632
100 25874
100 3861
100 10174
100 1351
100 757
100 5787
100 12174
100 8363
100 6503
100 11062
100 8442
100 7908
100 6104
100 38094
100 38109
100 3814
100 4340
100 13092
100 14092
100 1307
100 34049
100 273
100 4235
100 16351
100 18992
100 3141
100 1528
100 20427
100 6399
100 234
100 827
100 24626
100 30034
100 19217
100 15561
100 27338
100 4562
100 4845
100 2384
100 525
100 5613
100 250
100 196
100 6592
100 2858
100 2905
100 1448
100 12867
100 17881
100 979
100 2271
100 2549
100 1762
100 34145
100 25433
100 25051
100 6661
100 11133
100 5508
100 7112
100 10007
100 2455
100 5518
100 9595
100 15710
100 2310
100 8663
100 2546
100 2515
100 2352
100 5641
100 6940
100 13633
100 3498
100 2219
100 3292
100 19804
100 26651
100 7131
100 497
100 14231
100 2384
100 1751
100 8803
100 6783
100 2088
100 6453
100 24579
100 5099
100 20928
100 6279
100 9785
100 16870
100 9098
100 16382
100 1356
100 1876
100 11389
100 11442
100 1072
100 32074
100 3950
100 2908
100 1052
100 3527
100 267
100 2347
100 10189
100 6973
100 16751
100 19226
100 827
100 46437
100 3583
100 22012
100 2092
100 2178
100 2757
100 416
100 2971
100 30614
100 29643
100 10483
100 6222
100 9283
100 20162
100 16288
100 10021
100 3306
100 4449
100 5876
100 10496
100 4281
100 7784
100 1463
100 8809
100 4328
100 15198
100 8145
100 1559
100 11669
100 11892
100 16257
100 8036
100 8575
100 2137
100 3341
100 857
100 253
100 18744
100 4463
100 10371
100 16447
100 0
100 8517
100 8820
100 2247
100 6883
100 4187
100 801
100 35560
100 8088
100 41212
100 7444
100 14937
100 1141
100 4179
100 667
100 695
100 9322
100 323
100 1032
100 3272
100 29
100 18998
100 45003
100 3022
100 30503
100 29345
100 11241
100 6459
100 8434
100 3174
100 6303
100 50311
100 17468
100 10426
100 904
100 2674
100 10992
100 267
100 4692
100 450
100 26130
100 7128
100 20079
100 11293
100 27359
100 2364
100 5537
100 3266
100 3024
100 10242
100 12676
100 2504
100 12524
100 7790
100 1748
100 897
100 12355
100 25457
100 4141
100 1580
100 7723
100 6486
100 5698
100 14709
100 4953
100 39585
100 1633
100 5308
100 27310
100 17212
100 4462
100 15864
100 263
100 2038
100 8285
100 14672
100 30001
100 75
100 1844
100 16680
100 17190
100 676
100 2545
100 1291
100 16889
100 50924
100 6351
100 6316
100 3969
100 6015
100 19891
100 3070
100 17194
100 5264
100 6381
100 1673
100 21105
100 31909
100 30186
100 3965
100 5757
100 6495
100 467
100 4101
100 573
100 860
100 3768
100 2541
100 18819
100 9004
100 3902
100 3691
100 2043
100 18426
100 931
100 3717
100 8123
100 3246
100 6136
100 11858
100 4878
100 4428
100 25680
100 8286
100 5194
100 4669
100 17282
100 12802
100 17684
100 3004
100 29661
100 102
100 43592
100 7618
100 2288
100 18083
100 136
100 184
100 3328
100 33337
100 3684
100 10743
100 9543
100 1862
100 1100
100 8778
100 20590
100 5057
100 1177
100 103
100 25564
100 6570
100 580
100 12183
100 28560
100 6549
100 491
100 117
100 6
100 6896
100 2060
100 4906
100 3059
100 14417
100 3034
100 481
100 25064
100 1160
100 8161
100 6893
100 16173
100 10531
100 5856
100 1783
100 66
100 742
100 8897
100 7491
100 7523
100 5380
100 16633
100 2593
100 5558
100 2278
100 9468
100 18564
100 3214
100 8304
100 21386
100 1507
100 33524
100 44244
100 4366
100 1471
100 375
100 8820
100 8121
100 12410
100 4626
100 1371
100 18023
100 10514
100 1708
100 2425
100 5219
100 8840
100 10877
100 3919
100 11944
100 7558
100 6475
100 6691
100 4975
100 4043
100 10201
100 18694
100 2863
100 10232
100 662
100 1631
100 19737
100 4051
100 5201
100 2194
100 4204
100 2461
100 1221
100 285
100 14686
100 2919
100 6643
100 891
100 1520
100 9304
100 2684
100 15171
100 7028
100 43849
100 52418
100 13455
100 3642
100 2136
100 3850
100 26428
100 4165
100 28752
100 6468
100 847
100 2809
100 9493
100 20797
100 2972
100 11337
100 16749
100 376
100 14347
100 16653
100 6651
100 2888
100 3224
100 41009
100 13837
100 638
100 3401
100 14438
100 3712
100 18403
100 21315
100 9727
100 10046
100 1168
100 8904
100 3542
100 17343
100 210
100 18044
100 8910
100 5827
100 87
100 11166
100 3851
100 33876
100 1002
100 5926
100 6457
100 4993
100 17472
100 10946
100 24247
100 8676
100 13895
100 1508
100 5477
100 90
100 25803
100 12270
100 4507
100 1911
100 1735
100 29
100 18289
100 11266
100 9582
100 1517
100 23773
100 13566
100 684
100 449
100 12823
100 4371
100 1816
100 360
100 23313
100 452
100 475
100 5774
100 8857
100 2269
100 1056
100 10165
100 313
100 16270
100 509
100 270
100 5844
100 21093
100 10506
100 561
100 455
100 10431
100 12048
100 19953
100 2481
100 1908
100 15354
100 20675
100 5365
100 2552
100 12610
100 6268
100 1096
100 11188
100 11304
100 10015
100 14717
100 29129
100 16001
100 7993
100 17063
100 17371
100 3116
100 1295
100 2206
100 3523
100 20014
100 22479
100 3431
100 11610
100 17836
100 2515
100 30935
100 24429
100 6635
100 7174
100 40482
100 2207
100 10553
100 2598
100 8074
100 24186
100 5174
100 359
100 2689
100 1248
100 3873
100 6020
100 14023
100 29102
100 3109
100 1786
100 4756
100 5610
100 12395
100 6557
100 2451
100 3945
100 3807
100 6871
100 22622
100 1459
100 8863
100 5326
100 16285
100 918
100 3050
100 26622
100 23509
100 10570
100 3121
100 21821
100 15169
100 653
100 859
100 7230
100 3042
100 8731
100 3522
100 10605
100 8335
100 1130
100 3139
100 562
100 31274
100 23253
100 878
100 1317
100 684
100 42856
100 14171
100 17917
100 2740
100 10054
100 12267
100 31615
100 45704
100 11104
100 396
100 1075
100 134
100 5501
100 4962
100 16671
100 7516
100 44553
100 13995
100 5329
100 60268
100 6941
100 10320
100 5583
100 3953
100 20095
100 25662
100 17050
100 7716
100 6771
100 1522
100 1982
100 326
100 13494
100 3269
100 4323
100 8520
100 4025
100 18081
100 23714
100 7148
100 13534
100 19318
100 1258
100 3917
100 5467
100 2586
100 1906
100 1949
100 29216
100 11820
100 11988
100 7513
100 9848
100 640
100 9563
100 10001
100 21238
100 5790
100 17254
100 8236
100 36657
100 2858
100 6874
100 21164
100 6919
100 5062
100 1663
100 4461
100 3326
100 4342
100 8019
100 2864
100 3343
100 4075
100 14477
100 5905
100 1002
100 51118
100 4711
100 566
100 3316
100 1261
100 24577
100 3803
100 3858
100 18451
100 767
100 7492
100 12249
100 784
100 23039
100 6758
100 3921
100 13481
100 2659
100 31257
100 26761
100 9977
100 17386
100 23558
100 4636
100 32281
100 12484
100 2889
100 8876
100 6125
100 9766
100 9650
100 15282
100 11127
100 12311
100 7485
100 29
100 4731
100 16152
100 360
100 17175
100 9021
100 1193
100 4863
100 3981
100 6437
100 2429
100 5312
100 3552
100 5104
100 5643
100 2498
100 7351
100 5962
100 10586
100 2746
100 17443
100 833
100 15632
100 9516
100 18557
100 9940
100 19421
100 8780
100 14964
100 3687
100 5974
100 7491
100 7713
100 11075
100 9068
100 3498
100 15038
100 20754
100 3226
100 30857
100 8205
100 3641
100 449
100 23754
100 20262
100 3975
100 3440
100 18470
100 13738
100 11075
100 5313
100 2606
100 15903
100 8122
100 2700
100 2941
100 10181
100 2091
100 53647
100 13311
100 8767
100 28865
100 1904
100 6227
100 8586
100 1959
100 30855
100 11825
100 10613
100 19059
100 10726
100 15087
100 30254
100 10632
100 3679
100 7159
100 10101
100 2352
100 18256
100 9674
100 4688
100 3901
100 14164
100 4963
100 3001
100 312
100 17694
100 912
100 31448
100 4581
100 11088
100 12962
100 2517
100 23306
100 15256
100 931
100 2913
100 7025
100 1541
100 2887
100 2253
100 5924
100 18653
100 15739
100 1194
100 15874
100 3538
100 4618
100 1166
100 3265
100 9600
100 7691
100 11592
100 1416
100 7655
100 12267
100 3139
100 12037
100 1633
100 58305
100 31552
100 16088
100 486
100 10844
100 1512
100 11186
100 3630
100 11105
100 5741
100 3137
100 2853
100 21182
100 14059
100 8729
100 11120
100 6752
100 940
100 384
100 1103
100 1962
100 7981
100 3691
100 6503
100 18126
100 18429
100 6386
100 16030
100 1181
100 6175
100 1024
100 958
100 6798
100 6876
100 11925
100 6073
100 2032
100 4177
100 7656
100 3220
100 12401
100 1072
100 16557
100 23917
100 7271
100 6646
100 32445
100 14583
100 1716
100 9891
100 11056
100 21271
100 2072
100 23853
100 1941
100 12550
100 67
100 8360
100 1372
100 18456
100 361
100 1544
100 4676
100 29865
100 18261
