100 8312
100 105
100 49524
100 7150
100 759
100 29262
100 2891
100 6902
100 1985
100 132
100 17016
100 846
100 6104
100 8110
100 26119
100 65107
100 5869
100 9515
100 9509
100 2566
100 9354
100 5233
100 9126
100 42413
100 16559
100 613
100 37330
100 22023
100 9385
100 15335
100 2395
100 3529
100 15799
100 1743
100 15688
100 41016
100 4894
100 13536
100 21122
100 1601
100 574
100 26362
100 10594
100 8634
100 25833
100 1312
100 1770
100 17927
100 5884
100 6483
100 754
100 18255
100 7622
100 24955
100 7535
100 8033
100 3703
100 12274
100 5825
100 8877
100 13148
100 18420
100 6403
100 21604
100 2913
100 5943
100 13888
100 5790
100 21927
100 4247
100 10948
100 3221
100 331
100 4764
100 999
100 2770
100 2803
100 6299
100 52877
100 8597
100 6717
100 88
100 902
100 9101
100 19358
100 6406
100 544
100 2669
100 10724
100 9773
100 7102
100 24441
100 751
100 23812
100 11571
100 18088
100 2946
100 53037
100 2424
100 5061
100 1265
100 4621
100 3752
100 11164
100 13354
100 23619
100 25259
100 3906
100 9683
100 1788
100 2799
100 1221
100 15507
100 7742
100 21955
100 534
100 2168
100 4302
100 6693
100 4404
100 5720
100 15292
100 1721
100 20714
100 1460
100 13413
100 7104
100 3528
100 13760
100 32851
100 10422
100 7228
100 1556
100 9791
100 7561
100 13077
100 32402
100 630
100 1201
100 14649
100 12835
100 17709
100 7478
100 16442
100 9629
100 21710
100 2911
100 772
100 2369
100 164
100 9470
100 4331
100 7433
100 30504
100 44396
100 15338
100 18103
100 5243
100 1029
100 12862
100 7481
100 6699
100 1779
100 4830
100 25306
100 3660
100 4060
100 2181
100 12192
100 15999
100 6972
100 7554
100 1876
100 6532
100 27030
100 31632
100 4814
100 8191
100 6457
100 16633
100 34769
100 1210
100 4729
100 925
100 26013
100 17373
100 12853
100 2761
100 8841
100 18218
100 11594
100 10650
100 5859
100 5862
100 21597
100 2994
100 3532
100 7294
100 6291
100 4241
100 14044
100 14935
100 17088
100 17475
100 9414
100 22035
100 7634
100 4429
100 10495
100 7860
100 9707
100 2093
100 13053
100 19423
100 30171
100 7616
100 6457
100 616
100 14071
100 4286
100 11855
100 10599
100 2519
100 47
100 1642
100 424
100 24856
100 13625
100 10829
100 3826
100 2967
100 2146
100 14053
100 1687
100 6763
100 4854
100 12846
100 17447
100 7940
100 6964
100 12863
100 6250
100 4075
100 2887
100 1708
100 11567
100 1013
100 856
100 19960
100 6835
100 6251
100 452
100 6394
100 13167
100 13744
100 477
100 1779
100 10733
100 1066
100 21626
100 1262
100 22692
100 24188
100 19915
100 41421
100 12864
100 5593
100 2150
100 26752
100 873
100 5915
100 50496
100 15395
100 2571
100 8823
100 1841
100 21443
100 4675
100 24190
100 11028
100 1151
100 2059
100 6983
100 1579
100 12238
100 4358
100 6769
100 5498
100 14681
100 13045
100 6016
100 6616
100 10060
100 1982
100 3708
100 4533
100 12038
100 10322
100 4697
100 6267
100 5503
100 170
100 45395
100 29349
100 26273
100 13365
100 25651
100 5577
100 10442
100 709
100 605
100 5725
100 10322
100 974
100 755
100 16868
100 276
100 8012
100 6194
100 13343
100 4410
100 979
100 36705
100 6468
100 3443
100 19512
100 11030
100 1833
100 27610
100 16169
100 1815
100 7553
100 6966
100 15134
100 185
100 27275
100 4190
100 1321
100 3461
100 13118
100 94
100 11705
100 1597
100 543
100 9119
100 5867
100 11787
100 28302
100 5210
100 4467
100 6609
100 48
100 7805
100 2917
100 1148
100 9173
100 3909
100 20366
100 15048
100 27
100 16710
100 11838
100 5920
100 7299
100 863
100 3827
100 26810
100 3341
100 3063
100 3466
100 9886
100 2830
100 12887
100 20479
100 7124
100 16347
100 6453
100 7442
100 4874
100 377
100 6772
100 1624
100 16325
100 2938
100 4109
100 3819
100 1018
100 6354
100 10301
100 36422
100 2957
100 2660
100 5398
100 225
100 1182
100 7219
100 6911
100 1817
100 143
100 39845
100 8107
100 6690
100 8396
100 1491
100 12172
100 11568
100 13240
100 8702
100 4616
100 3528
100 409
100 4293
100 1248
100 11413
100 36697
100 28494
100 11016
100 465
100 10762
100 3289
100 2960
100 10461
100 1528
100 18134
100 6416
100 2730
100 5932
100 1683
100 10318
100 11331
100 385
100 7930
100 8148
100 8362
100 8872
100 1188
100 8703
100 10806
100 983
100 6055
100 15204
100 2487
100 8954
100 10163
100 13421
100 10797
100 12274
100 544
100 3043
100 9013
100 23754
100 12165
100 18442
100 10907
100 19242
100 11206
100 17260
100 1628
100 233
100 30235
100 9293
100 32830
100 24080
100 30384
100 1961
100 20904
100 10099
100 19493
100 4050
100 2265
100 235
100 1695
100 10509
100 4215
100 19747
100 8572
100 11884
100 21116
100 10414
100 1246
100 15907
100 31107
100 19173
100 11261
100 8369
100 2036
100 20056
100 18962
100 9530
100 8768
100 4556
100 2534
100 5051
100 7812
100 2022
100 15583
100 33925
100 7139
100 8867
100 2138
100 25262
100 4812
100 1437
100 349
100 34466
100 238
100 4701
100 24616
100 3999
100 1648
100 5749
100 9629
100 8568
100 942
100 30388
100 13219
100 3479
100 1046
100 484
100 3400
100 17744
100 1556
100 16379
100 5589
100 524
100 2949
100 2930
100 2105
100 1436
100 30129
100 732
100 3784
100 28122
100 3586
100 31168
100 10326
100 1425
100 6033
100 17474
100 644
100 21280
100 30991
100 3106
100 11169
100 22434
100 5703
100 28774
100 4209
100 13539
100 150
100 289
100 20211
100 13579
100 717
100 952
100 33545
100 21572
100 4227
100 13758
100 2653
100 4565
100 6
100 12526
100 2850
100 6441
100 6561
100 7323
100 4691
100 4427
100 1383
100 1089
100 18450
100 3262
100 7498
100 8464
100 10216
100 19355
100 4253
100 28065
100 12023
100 3964
100 6057
100 1567
100 7630
100 8616
100 2981
100 7077
100 8140
100 11983
100 12080
100 2665
100 3645
100 1262
100 13660
100 5511
100 11377
100 7155
100 6656
100 19480
100 12682
100 257
100 508
100 10370
100 15997
100 10854
100 8962
100 36820
100 3354
100 11940
100 24567
100 39464
100 14808
100 3165
100 2834
100 2867
100 15808
100 3840
100 4041
100 10418
100 8682
100 18005
100 4225
100 15845
100 4595
100 468
100 8090
100 12900
100 1442
100 1722
100 3441
100 3028
100 6114
100 1664
100 832
100 1994
100 7937
100 3200
100 14112
100 4588
100 6597
100 1925
100 9464
100 8902
100 15664
100 2524
100 41608
100 15935
100 5740
100 12791
100 2965
100 11995
100 3334
100 17474
100 11764
100 5673
100 3494
100 2500
100 5915
100 10421
100 29465
100 6100
100 17959
100 3848
100 21591
100 20285
100 5196
100 4688
100 31259
100 20566
100 16884
100 8028
100 6276
100 1679
100 1176
100 13775
100 12756
100 9798
100 13163
100 19707
100 1059
100 5379
100 680
100 2595
100 5420
100 2257
100 21874
100 8503
100 11410
100 27378
100 7686
100 3102
100 11
100 12306
100 4341
100 11870
100 2823
100 6877
100 3153
100 8824
100 1181
100 11086
100 2416
100 4480
100 787
100 13679
100 2052
100 8297
100 6394
100 4569
100 7231
100 5609
100 2217
100 7628
100 3377
100 1586
100 7765
100 8760
100 2501
100 5656
100 24149
100 1982
100 20414
100 3035
100 11563
100 3935
100 4023
100 12195
100 4488
100 5859
100 8311
100 5648
100 23127
100 3749
100 12578
100 6754
100 7372
100 2413
100 11282
100 49080
100 7035
100 1368
100 1214
100 7077
100 3983
100 5474
100 8087
100 11783
100 1895
100 7097
100 25080
100 477
100 28779
100 2061
100 478
100 12040
100 19188
100 11580
100 10499
100 21294
100 11957
100 259
100 2338
100 10762
100 2387
100 7146
100 929
100 5116
100 1603
100 2766
100 9211
100 1809
100 16967
100 3615
100 4785
100 6
100 10542
100 18234
100 16670
100 1102
100 18966
100 1881
100 13570
100 12009
100 10517
100 7843
100 31902
100 5357
100 30871
100 9269
100 14624
100 4838
100 4016
100 30320
100 13155
100 5268
100 27697
100 29741
100 2725
100 3543
100 1452
100 27916
100 1302
100 19290
100 8867
100 9261
100 5090
100 543
100 6780
100 15367
100 37431
100 11255
100 17562
100 13826
100 8686
100 2196
100 18935
100 8621
100 1983
100 9155
100 9679
100 1019
100 9110
100 7712
100 6702
100 25307
100 5754
100 17170
100 8572
100 3885
100 5708
100 4835
100 1858
100 10692
100 10562
100 51953
100 677
100 2674
100 8836
100 8947
100 600
100 2815
100 12068
100 5701
100 1044
100 4833
100 317
100 8790
100 2567
100 6339
100 8453
100 9456
100 10393
100 2860
100 8817
100 7032
100 3885
100 1980
100 25300
100 1464
100 1714
100 290
100 7723
100 6029
100 1580
100 13520
100 6231
100 6019
100 87
100 17734
100 5304
100 22475
100 22653
100 16279
100 8198
100 23158
100 19399
100 10695
100 9060
100 17141
100 5534
100 5906
100 8510
100 158
100 710
100 16859
100 28265
100 14072
100 8545
100 9809
100 15
100 1650
100 21998
100 2203
100 1806
100 11303
100 10647
100 6819
100 8176
100 14277
100 32661
100 19946
100 1683
100 3940
100 5676
100 13223
100 7665
100 541
100 3609
100 2943
100 238
100 667
100 7274
100 8896
100 18219
100 21741
100 82
100 5361
100 25696
100 25587
100 19372
100 5196
100 6611
100 2027
100 5771
100 14563
100 3713
100 391
100 1934
100 16958
100 14677
100 2741
100 12754
100 14016
100 23964
100 16937
100 250
100 17866
100 1302
100 19438
100 2903
100 5096
100 28030
100 2895
100 5626
100 11370
100 4190
100 17644
100 1021
100 18126
100 0
100 11819
100 20101
100 5411
100 21580
100 2530
100 7756
100 7270
100 13574
100 1782
100 250
100 7543
100 4726
100 2003
100 10894
100 15668
100 9423
100 153
100 65
100 3565
100 1372
100 15439
100 16411
100 7137
100 10318
100 15642
100 8688
100 14771
100 10764
100 14685
100 13446
100 17173
100 20312
100 35272
100 4114
100 5263
100 12275
100 5697
100 6744
100 11742
100 12079
100 16060
100 45
100 15259
100 4223
100 18237
100 22940
100 1457
100 5435
100 32868
100 12339
