100 32972
100 15325
100 3673
100 4070
100 3468
100 13401
100 1385
100 5707
100 630
100 5993
100 4170
100 15120
100 9184
100 7500
100 5029
100 3464
100 9649
100 31937
100 14586
100 26787
100 16802
100 14968
100 1131
100 5814
100 11527
100 7247
100 27509
100 18952
100 6479
100 1368
100 2673
100 14244
100 9774
100 339
100 4864
100 6241
100 13109
100 12019
100 10219
100 3613
100 3516
100 17263
100 4862
100 1219
100 6375
100 12119
100 6254
100 4711
100 4292
100 7285
100 3215
100 9490
100 14104
100 3327
100 13798
100 624
100 4864
100 5767
100 2047
100 4431
100 3603
100 14207
100 3149
100 10536
100 5709
100 21019
100 17574
100 27914
100 4643
100 2801
100 698
100 20394
100 3117
100 16079
100 179
100 5987
100 14764
100 7379
100 7006
100 896
100 9655
100 6975
100 8078
100 9451
100 44071
100 3165
100 27734
100 7019
100 13303
100 17152
100 1972
100 4439
100 14525
100 13061
100 14105
100 17247
100 1058
100 1951
100 7537
100 36098
100 24350
100 16366
100 6108
100 10475
100 1187
100 10542
100 5269
100 15531
100 4933
100 10048
100 2664
100 30426
100 859
100 7250
100 26693
100 24829
100 36687
100 5454
100 11602
100 2968
100 13262
100 11788
100 964
100 8064
100 2806
100 29414
100 4366
100 6148
100 4542
100 4495
100 2968
100 11731
100 2551
100 2175
100 5763
100 29232
100 11917
100 2127
100 3192
100 5066
100 29302
100 140
100 7921
100 9920
100 240
100 15034
100 17203
100 13714
100 14045
100 27416
100 8359
100 14605
100 2505
100 15469
100 5944
100 1044
100 1034
100 41824
100 4155
100 9915
100 9513
100 4568
100 3549
100 6019
100 3227
100 20504
100 19028
100 6925
100 29603
100 2382
100 23297
100 8879
100 1993
100 3645
100 6116
100 9165
100 2963
100 5544
100 4825
100 3358
100 413
100 5422
100 30406
100 1848
100 11131
100 2536
100 134
100 13537
100 5231
100 49639
100 7438
100 6295
100 1807
100 14248
100 2385
100 5487
100 8571
100 19103
100 18293
100 1296
100 14975
100 7626
100 16607
100 7518
100 4804
100 530
100 9324
100 10563
100 8244
100 8682
100 12775
100 12201
100 2354
100 51276
100 12269
100 4556
100 7216
100 7482
100 19281
100 17861
100 642
100 628
100 10634
100 21350
100 9774
100 2462
100 10940
100 20093
100 26200
100 4120
100 6440
100 420
100 530
100 7980
100 36468
100 3053
100 4201
100 1599
100 76
100 36777
100 12178
100 9586
100 2815
100 7388
100 1979
100 1553
100 16329
100 3672
100 13034
100 14360
100 48233
100 7752
100 2592
100 48512
100 4912
100 8825
100 3310
100 53895
100 8270
100 4068
100 2732
100 12448
100 6972
100 10176
100 18959
100 10072
100 979
100 11064
100 8883
100 17786
100 24468
100 12636
100 25782
100 1579
100 10110
100 38219
100 11524
100 41465
100 5141
100 9776
100 10672
100 24736
100 9079
100 2307
100 334
100 5156
100 33190
100 1396
100 252
100 332
100 13296
100 24159
100 21615
100 2505
100 409
100 10171
100 21200
100 10314
100 38977
100 1971
100 10956
100 2720
100 5637
100 29745
100 15991
100 33063
100 9411
100 173
100 18425
100 12089
100 5005
100 1808
100 9739
100 1169
100 16977
100 4219
100 8421
100 7413
100 23512
100 640
100 1432
100 21817
100 6574
100 35542
100 9832
100 11068
100 10916
100 8054
100 7099
100 24396
100 5021
100 3935
100 14963
100 6298
100 9135
100 7852
100 7474
100 16655
100 3766
100 9542
100 3088
100 15240
100 15548
100 2790
100 8320
100 7676
100 16331
100 736
100 2567
100 3457
100 11325
100 1212
100 5471
100 9154
100 2557
100 7730
100 16509
100 18809
100 6090
100 5764
100 1791
100 8925
100 8153
100 2620
100 6756
100 4976
100 14737
100 2141
100 579
100 699
100 11513
100 6347
100 2944
100 10774
100 2974
100 2921
100 6419
100 7742
100 5319
100 4985
100 7648
100 11389
100 7846
100 9011
100 6094
100 5794
100 8867
100 5079
100 33967
100 776
100 1749
100 5785
100 3831
100 22864
100 572
100 35791
100 12568
100 10504
100 9652
100 30619
100 11537
100 884
100 6416
100 574
100 13232
100 3838
100 12034
100 35328
100 5731
100 6242
100 2970
100 19134
100 8645
100 2087
100 9875
100 12228
100 19732
100 5505
100 8847
100 502
100 848
100 12230
100 12102
100 2542
100 23317
100 3290
100 2927
100 19376
100 9667
100 25793
100 1380
100 24352
100 22251
100 8799
100 7069
100 18997
100 607
100 12933
100 47782
100 1778
100 7839
100 17470
100 2647
100 1234
100 50201
100 13506
100 9279
100 17024
100 8778
100 6547
100 7162
100 3870
100 32019
100 6175
100 4892
100 3352
100 5767
100 3338
100 5738
100 8009
100 32055
100 18344
100 10805
100 13242
100 2131
100 5186
100 3479
100 11432
100 9792
100 11282
100 7786
100 4413
100 15938
100 2567
100 4524
100 797
100 13977
100 31697
100 198
100 21462
100 10143
100 26145
100 26530
100 13020
100 5279
100 13611
100 10276
100 18115
100 5449
100 276
100 4052
100 6026
100 4255
100 18433
100 3348
100 3269
100 753
100 40269
100 30690
100 1230
100 7718
100 10719
100 849
100 15429
100 4524
100 2309
100 2230
100 7632
100 12265
100 5242
100 1062
100 1853
100 13701
100 5625
100 1015
100 16344
100 3416
100 2311
100 2113
100 3096
100 4147
100 3012
100 19153
100 4513
100 14891
100 32462
100 7891
100 8695
100 16779
100 728
100 968
100 31529
100 8950
100 3563
100 968
100 4596
100 183
100 360
100 803
100 6160
100 175
100 10235
100 487
100 7874
100 1948
100 1805
100 9373
100 1268
100 10249
100 7579
100 5950
100 2447
100 3415
100 12666
100 2807
100 9126
100 4809
100 14765
100 14402
100 3994
100 1284
100 6624
100 7960
100 7479
100 2035
100 37887
100 19194
100 18136
100 2671
100 3127
100 4014
100 1690
100 20093
100 11799
100 5390
100 386
100 5317
100 21021
100 3514
100 8067
100 12383
100 20344
100 30520
100 1359
100 21835
100 18674
100 16126
100 396
100 12581
100 10511
100 2352
100 28636
100 546
100 3459
100 10798
100 31
100 12287
100 16363
100 18559
100 2638
100 3729
100 10663
100 12097
100 2308
100 1822
100 5936
100 813
100 22952
100 17888
100 2173
100 19641
100 25904
100 14689
100 18534
100 7060
100 794
100 5660
100 1131
100 17863
100 68
100 12661
100 8319
100 6814
100 3588
100 13525
100 6966
100 28087
100 1371
100 9367
100 6964
100 19735
100 2901
100 8777
100 6892
100 12454
100 792
100 1191
100 32017
100 3933
100 1681
100 5423
100 3578
100 6112
100 26373
100 8947
100 35775
100 8178
100 6093
100 8762
100 7334
100 4721
100 8981
100 7896
100 11180
100 22991
100 3719
100 1106
100 1631
100 824
100 6439
100 5390
100 2311
100 1502
100 33622
100 1493
100 556
100 19994
100 3233
100 31071
100 16016
100 1361
100 4604
100 2734
100 14421
100 12883
100 13131
100 4171
100 7656
100 14251
100 1430
100 7178
100 1539
100 22701
100 16074
100 2739
100 3668
100 11753
100 7418
100 3004
100 2334
100 4897
100 13490
100 27082
100 2743
100 21558
100 5647
100 8016
100 14401
100 2669
100 19375
100 8468
100 17745
100 5594
100 1899
100 5724
100 16555
100 10465
100 2036
100 1267
100 26120
100 3478
100 10635
100 2253
100 1968
100 4108
100 14330
100 547
100 3193
100 19905
100 24510
100 1674
100 9597
100 14934
100 13062
100 53858
100 4093
100 12688
100 11069
100 28881
100 14804
100 13809
100 10794
100 2517
100 4270
100 18728
100 2055
100 2785
100 11078
100 2565
100 13459
100 5697
100 10799
100 2834
100 4647
100 888
100 9097
100 9862
100 10319
100 16223
100 10299
100 6776
100 1455
100 3760
100 11914
100 16316
100 8376
100 15980
100 5835
100 1707
100 13571
100 15337
100 9769
100 15538
100 8507
100 16017
100 7931
100 18128
100 16865
100 36009
100 6176
100 64403
100 19219
100 887
100 4585
100 3294
100 1256
100 2056
100 2644
100 18741
100 16582
100 24462
100 1351
100 2080
100 18349
100 11375
100 10186
100 31154
100 2941
100 7132
100 26779
100 8921
100 36468
100 22795
100 2140
100 38320
100 294
100 4514
100 11579
100 1273
100 37070
100 651
100 888
100 11523
100 57843
100 5368
100 4574
100 3179
100 18248
100 342
100 1389
100 3165
100 14444
100 3542
100 13723
100 16207
100 7138
100 2847
100 4599
100 26390
100 14767
100 5805
100 8846
100 20539
100 23810
100 4649
100 1363
100 11259
100 588
100 6765
100 4301
100 3059
100 11165
100 4372
100 5963
100 10659
100 11553
100 15095
100 2049
100 413
100 9504
100 5489
100 5104
100 12061
100 11484
100 2306
100 2848
100 10776
100 2448
100 17623
100 2376
100 11051
100 4033
100 5598
100 15601
100 1861
100 12563
100 14955
100 2869
100 1558
100 7029
100 383
100 36870
100 2575
100 23535
100 1335
100 3658
100 9474
100 1943
100 13586
100 10352
100 27066
100 3698
100 13111
100 2388
100 2584
100 24533
100 3832
100 23220
100 18009
100 25843
100 2746
100 23452
100 2508
100 3296
100 5548
100 7880
100 54
100 2629
100 14148
100 2350
100 3592
100 5127
100 6692
100 14344
100 845
100 5453
100 19599
100 126
100 19905
100 78
100 4391
100 1171
100 362
100 5266
100 5683
100 1380
100 13438
100 3458
100 2562
100 16298
100 8722
100 21505
100 4130
100 2817
100 11392
100 4441
100 616
100 6503
100 2864
100 15580
100 862
100 710
100 13818
100 14222
100 35582
100 644
100 9967
100 23468
100 8545
100 5755
100 579
100 18986
100 4278
100 9062
100 12400
100 21304
100 10249
100 9439
100 271
100 9359
100 4751
100 41915
100 4630
100 9978
100 2470
100 3103
100 13247
100 6061
100 12722
100 3983
100 11782
100 2640
100 9729
100 11581
100 6507
100 7703
100 3711
100 7745
100 21548
100 5174
100 3087
100 754
100 37982
100 5104
100 639
100 8916
100 1320
100 4315
100 7277
100 6547
100 14266
100 4848
100 8899
100 5870
100 556
100 16078
100 61
100 8121
100 18131
100 1870
100 3502
100 10811
100 51768
100 11162
100 2813
100 1092
100 23745
100 10790
100 23389
100 1394
100 14212
100 4482
100 8602
100 3165
100 2901
100 15103
100 5369
100 16392
100 21571
100 6312
