100 10639
100 20119
100 4402
100 2456
100 5762
100 8493
100 1640
100 198
100 12629
100 6936
100 5383
100 10142
100 9757
100 38185
100 7210
100 22600
100 17306
100 7438
100 3291
100 2496
100 26487
100 329
100 6890
100 9655
100 1759
100 12020
100 6029
100 4208
100 4543
100 10221
100 2174
100 12666
100 14636
100 798
100 513
100 21058
100 11526
100 4632
100 7072
100 24956
100 6956
100 7872
100 19997
100 317
100 1797
100 3742
100 570
100 17958
100 13049
100 1878
100 5295
100 3294
100 11582
100 6217
100 10785
100 4762
100 2198
100 1186
100 12051
100 17406
100 352
100 10457
100 3569
100 3747
100 17428
100 11720
100 1553
100 23825
100 914
100 717
100 54249
100 1276
100 6082
100 1591
100 15906
100 8769
100 9119
100 5068
100 11738
100 9166
100 388
100 77
100 25684
100 9856
100 3087
100 22423
100 85
100 2113
100 29214
100 3974
100 7369
100 1543
100 12723
100 1021
100 23558
100 8683
100 2967
100 189
100 4230
100 20025
100 7711
100 1594
100 16212
100 30975
100 3057
100 16044
100 1663
100 1661
100 2662
100 1512
100 2396
100 2718
100 2546
100 692
100 10023
100 1831
100 3356
100 6939
100 3185
100 37714
100 4427
100 1900
100 12423
100 7836
100 15604
100 14792
100 26711
100 1905
100 4585
100 7916
100 11814
100 15924
100 2676
100 8438
100 2543
100 16800
100 9204
100 993
100 19095
100 959
100 11580
100 12661
100 27228
100 6114
100 7110
100 3592
100 9967
100 2721
100 6211
100 9494
100 5312
100 2337
100 5941
100 3937
100 9254
100 26587
100 5846
100 713
100 20958
100 14054
100 2659
100 4734
100 13527
100 14256
100 6052
100 3110
100 5643
100 1902
100 19288
100 6653
100 4967
100 28349
100 23584
100 6663
100 2855
100 5316
100 2657
100 2563
100 7440
100 38516
100 1703
100 18414
100 1029
100 13971
100 13779
100 1405
100 1091
100 1924
100 9690
100 19489
100 350
100 21723
100 557
100 3721
100 5401
100 740
100 6590
100 12649
100 13949
100 4101
100 14547
100 2248
100 27927
100 2179
100 930
100 1096
100 1089
100 13410
100 5663
100 12531
100 1635
100 6086
100 351
100 4533
100 2784
100 13557
100 6442
100 3139
100 97
100 26515
100 10206
100 8549
100 4284
100 1459
100 7397
100 7477
100 101
100 1860
100 5095
100 3805
100 2859
100 1512
100 9891
100 10313
100 2752
100 2718
100 2311
100 4894
100 8581
100 25927
100 9992
100 1736
100 7828
100 31452
100 4367
100 5303
100 1537
100 1310
100 4231
100 4959
100 511
100 12639
100 2952
100 12419
100 12640
100 13745
100 3014
100 2360
100 741
100 36998
100 9471
100 311
100 5255
100 36310
100 22425
100 17607
100 4632
100 1962
100 29568
100 11320
100 3526
100 8793
100 961
100 2522
100 5714
100 15969
100 1807
100 12849
100 8655
100 5307
100 12998
100 15331
100 253
100 4559
100 4377
100 5615
100 4159
100 5141
100 6510
100 970
100 378
100 441
100 3033
100 2389
100 400
100 12884
100 4611
100 8040
100 4005
100 38209
100 18727
100 562
100 15880
100 38086
100 8700
100 12392
100 9033
100 2207
100 7268
100 3404
100 13673
100 2145
100 113
100 4190
100 3129
100 28981
100 235
100 1171
100 27689
100 9813
100 2520
100 15266
100 24118
100 414
100 26819
100 13053
100 8357
100 4603
100 5386
100 22784
100 10591
100 4721
100 990
100 5500
100 5514
100 9519
100 21354
100 2909
100 1309
100 1557
100 1662
100 18023
100 5818
100 16256
100 11455
100 189
100 7551
100 1799
100 746
100 10473
100 10296
100 4534
100 6629
100 5146
100 5719
100 16342
100 22662
100 6219
100 131
100 1906
100 1064
100 4431
100 14392
100 5892
100 19118
100 3222
100 8343
100 8061
100 1069
100 8644
100 8323
100 32918
100 17815
100 1642
100 12730
100 4544
100 3552
100 10225
100 4269
100 11430
100 4825
100 3981
100 10348
100 7917
100 16521
100 24130
100 1287
100 2462
100 1082
100 19160
100 1534
100 1666
100 8602
100 3615
100 3017
100 20176
100 11491
100 32552
100 8102
100 10153
100 5129
100 13715
100 16558
100 20211
100 1468
100 8489
100 321
100 32366
100 1510
100 1496
100 11623
100 867
100 10409
100 2041
100 4395
100 1732
100 7054
100 15509
100 5406
100 17650
100 3693
100 2343
100 15884
100 6255
100 11798
100 6642
100 15534
100 9228
100 5180
100 1582
100 12894
100 8049
100 9568
100 5633
100 8498
100 4640
100 24729
100 9599
100 21572
100 2831
100 17860
100 21724
100 41777
100 4050
100 9459
100 18595
100 47648
100 173
100 17164
100 3286
100 2705
100 355
100 7306
100 6225
100 9051
100 1781
100 16832
100 18752
100 37868
100 7811
100 7469
100 48
100 5258
100 4750
100 16600
100 2313
100 17434
100 2595
100 6571
100 11121
100 13927
100 3938
100 490
100 14468
100 14182
100 10106
100 823
100 4617
100 13585
100 11978
100 4068
100 4346
100 18545
100 11345
100 120
100 5864
100 3456
100 13258
100 1383
100 15137
100 3731
100 6347
100 14137
100 4318
100 13464
100 1640
100 3160
100 6628
100 9036
100 335
100 3031
100 4891
100 19462
100 16630
100 22464
100 7373
100 17579
100 12684
100 852
100 6130
100 21712
100 2475
100 25566
100 1072
100 21952
100 41516
100 11865
100 2780
100 15103
100 4286
100 335
100 8861
100 18622
100 6584
100 680
100 4039
100 1280
100 7425
100 3373
100 19608
100 5114
100 8553
100 17822
100 4701
100 17903
100 12250
100 10905
100 12729
100 16426
100 7034
100 27788
100 15237
100 6191
100 9820
100 267
100 3637
100 16175
100 7631
100 7368
100 30818
100 29759
100 12795
100 1942
100 3777
100 5472
100 8720
100 9670
100 6973
100 6644
100 3680
100 5918
100 4755
100 3527
100 2453
100 30869
100 11268
100 4930
100 3634
100 33061
100 10119
100 2974
100 532
100 5568
100 4405
100 24011
100 12377
100 12890
100 14991
100 16864
100 776
100 451
100 989
100 22146
100 2489
100 10504
100 3635
100 122
100 11999
100 26597
100 6105
100 13904
100 10514
100 821
100 2615
100 423
100 8477
100 7878
100 612
100 16822
100 3845
100 6285
100 34561
100 6069
100 16656
100 471
100 15195
100 39382
100 28994
100 15061
100 6499
100 15396
100 3958
100 15458
100 11688
100 3125
100 22386
100 11071
100 369
100 19257
100 17749
100 7901
100 3253
100 9805
100 21168
100 11677
100 496
100 2311
100 4429
100 2125
100 4470
100 12447
100 14482
100 10364
100 26433
100 8226
100 7107
100 2484
100 4653
100 811
100 3550
100 345
100 18348
100 11728
100 3781
100 5757
100 5608
100 39208
100 87
100 7911
100 3308
100 4583
100 9738
100 23506
100 10791
100 4068
100 36551
100 3298
100 4337
100 995
100 8131
100 21379
100 13246
100 7277
100 6222
100 20663
100 2315
100 3587
100 11095
100 900
100 5803
100 1992
100 2968
100 2183
100 10454
100 9843
100 1812
100 34755
100 20838
100 12660
100 8824
100 4786
100 3573
100 21743
100 2251
100 16730
100 12916
100 10549
100 13883
100 8228
100 4576
100 14251
100 1925
100 40809
100 3079
100 9257
100 7325
100 5168
100 12073
100 13874
100 19265
100 14289
100 24354
100 4531
100 15356
100 7317
100 42091
100 5363
100 1052
100 35
100 2267
100 237
100 10693
100 10450
100 2804
100 2286
100 13160
100 15909
100 13992
100 5548
100 3157
100 18198
100 3012
100 5634
100 2526
100 28125
100 52166
100 4974
100 25294
100 7768
100 1709
100 1851
100 4038
100 12095
100 7104
100 3132
100 16341
100 494
100 16517
100 1389
100 3882
100 1297
100 5175
100 16432
100 8519
100 16489
100 3662
100 11618
100 1047
100 8191
100 976
100 7657
100 6254
100 14848
100 7366
100 394
100 14657
100 36834
100 6699
100 43
100 24796
100 33436
100 14586
100 1171
100 656
100 12077
100 6160
100 17498
100 1304
100 8418
100 1402
100 19959
100 8535
100 2392
100 6386
100 481
100 8526
100 5581
100 1053
100 2828
100 15412
100 3147
100 14144
100 7180
100 3633
100 18899
100 11984
100 13449
100 10292
100 8875
100 529
100 1770
100 1953
100 12216
100 813
100 18840
100 2875
100 10847
100 1264
100 8460
100 18817
100 14842
100 36223
100 618
100 4622
100 28259
100 8091
100 6426
100 15527
100 22119
100 10753
100 22017
100 1087
100 1690
100 9180
100 1150
100 17057
100 2093
100 11421
100 6097
100 11688
100 1494
100 2168
100 8263
100 5585
100 10897
100 3854
100 4832
100 12454
100 22564
100 32406
100 11536
100 1225
100 8469
100 4320
100 4906
100 6637
100 32764
100 21009
100 3133
100 14313
100 5112
100 1183
100 11677
100 9430
100 1869
100 2944
100 5412
100 1308
100 32932
100 4164
100 4612
100 3678
100 18389
100 7260
100 12584
100 15064
100 12973
100 5595
100 10130
100 28661
100 20555
100 26502
100 16553
100 17711
100 19195
100 191
100 1068
100 30830
100 6685
100 32865
100 7345
100 9860
100 5576
100 13040
100 63102
100 9315
100 17766
100 8048
100 52886
100 4038
100 2723
100 12030
100 8575
100 12170
100 5685
100 9077
100 10494
100 7978
100 2490
100 11907
100 13072
100 5091
100 819
100 6891
100 4281
100 7069
100 13525
100 11864
100 21543
100 958
100 8701
100 30870
100 13340
100 1836
100 3531
100 53
100 42347
100 21114
100 6890
100 23184
100 13790
100 9647
100 22697
100 16939
100 6949
100 10561
100 2034
100 9316
100 8927
100 6503
100 24519
100 8935
100 14011
100 5003
100 310
100 905
100 3384
100 1847
100 4220
100 4803
100 28087
100 11518
100 3065
100 195
100 31310
100 4375
100 11334
100 19881
100 18386
100 265
100 11710
100 8726
100 5655
100 4401
100 15145
100 27517
100 27356
100 82
100 4886
100 5889
100 9146
100 24643
100 12748
100 8690
100 9541
100 4022
100 13206
100 3374
100 15241
100 5545
100 3437
100 22828
100 774
100 17513
100 196
100 5201
100 8340
100 1568
100 15698
100 12082
100 7281
100 1618
100 9603
100 6662
100 2420
100 16609
100 2452
100 6767
100 3134
100 7068
100 611
100 5751
100 1326
100 10505
100 6890
100 14208
100 6166
100 5661
100 16382
100 9335
100 8958
100 596
100 23165
100 308
100 9590
100 8239
100 13289
100 2358
100 18153
100 5888
