100 6970
100 8132
100 14264
100 4676
100 633
100 8072
100 9658
100 23156
100 8522
100 21667
100 4308
100 34846
100 6867
100 29959
100 4892
100 2716
100 26463
100 7439
100 15507
100 10832
100 2253
100 543
100 20499
100 3934
100 19659
100 6060
100 7172
100 13616
100 4832
100 7545
100 36865
100 18259
100 2397
100 12833
100 10451
100 8272
100 770
100 4639
100 4274
100 3532
100 5375
100 13679
100 8906
100 14900
100 7531
100 15219
100 9642
100 10633
100 5767
100 5622
100 28512
100 12407
100 18470
100 2735
100 7218
100 31911
100 15475
100 10053
100 16725
100 10698
100 7994
100 5839
100 9758
100 184
100 18035
100 25146
100 4537
100 5344
100 13946
100 6704
100 9631
100 3289
100 6740
100 672
100 12921
100 19743
100 6714
100 18431
100 427
100 4312
100 60022
100 7081
100 814
100 5501
100 5796
100 1138
100 10030
100 368
100 4021
100 8172
100 947
100 13936
100 2497
100 2654
100 232
100 8887
100 15612
100 6804
100 24698
100 33747
100 28768
100 5654
100 10701
100 5906
100 1317
100 9775
100 29589
100 8018
100 196
100 20297
100 14600
100 6054
100 10719
100 762
100 4377
100 9002
100 82
100 2164
100 11938
100 2063
100 15326
100 5198
100 909
100 5782
100 13897
100 13018
100 5960
100 13900
100 17708
100 7351
100 4880
100 6639
100 8784
100 14878
100 8588
100 17019
100 1060
100 2724
100 6957
100 14906
100 21976
100 2707
100 3287
100 10649
100 8084
100 758
100 3617
100 39251
100 18304
100 15459
100 917
100 663
100 8423
100 7736
100 3376
100 1180
100 214
100 2846
100 12992
100 1750
100 10485
100 23382
100 10531
100 5099
100 7897
100 10263
100 16517
100 3572
100 847
100 14776
100 12367
100 16409
100 1624
100 38002
100 13961
100 653
100 1345
100 8229
100 5196
100 9946
100 2088
100 67
100 40261
100 21142
100 16743
100 5267
100 4130
100 5075
100 10748
100 3949
100 4831
100 3315
100 9921
100 3607
100 16443
100 27657
100 22720
100 13366
100 8
100 3934
100 28308
100 3721
100 18825
100 3657
100 231
100 24789
100 24365
100 6322
100 4669
100 5880
100 1227
100 1904
100 1637
100 20985
100 14136
100 2693
100 19161
100 1368
100 6197
100 8465
100 13258
100 1709
100 18316
100 1183
100 15877
100 12193
100 3077
100 1917
100 7098
100 1925
100 1202
100 7129
100 18354
100 8331
100 32535
100 17121
100 2168
100 70906
100 216
100 3637
100 11738
100 16034
100 19544
100 460
100 189
100 44442
100 7274
100 37513
100 5456
100 4239
100 6834
100 1134
100 375
100 337
100 16960
100 3545
100 4458
100 1441
100 17156
100 28776
100 5859
100 14076
100 3429
100 5341
100 10769
100 273
100 16962
100 16756
100 11426
100 158
100 25641
100 11507
100 4934
100 18302
100 3638
100 11677
100 12516
100 16153
100 9437
100 4588
100 911
100 23389
100 8878
100 855
100 3334
100 4645
100 847
100 5842
100 10924
100 1290
100 4888
100 19
100 2742
100 19300
100 554
100 27973
100 16941
100 10370
100 21
100 338
100 14257
100 12069
100 2343
100 2858
100 23621
100 23739
100 436
100 1067
100 3223
100 6414
100 1501
100 28018
100 7227
100 29547
100 6966
100 6434
100 956
100 7342
100 763
100 2337
100 1792
100 4064
100 20577
100 867
100 8763
100 21653
100 15843
100 22666
100 9457
100 31
100 12161
100 27725
100 4445
100 5993
100 8384
100 449
100 1919
100 3542
100 2775
100 3432
100 3556
100 30544
100 9806
100 8390
100 10160
100 7491
100 4031
100 9220
100 6744
100 14524
100 1155
100 2949
100 15549
100 7250
100 2985
100 18242
100 6844
100 2807
100 7391
100 15090
100 4312
100 9590
100 3195
100 3002
100 6586
100 1920
100 12793
100 18310
100 5116
100 1463
100 10423
100 9853
100 9928
100 999
100 3935
100 16813
100 6225
100 18662
100 14474
100 8413
100 15650
100 23266
100 7195
100 12411
100 2909
100 377
100 13041
100 2279
100 1024
100 308
100 5752
100 29168
100 1394
100 4141
100 21946
100 14441
100 5560
100 8322
100 4024
100 10637
100 873
100 6674
100 434
100 15437
100 8119
100 6508
100 5584
100 18907
100 12037
100 25288
100 10758
100 25683
100 2736
100 12442
100 4046
100 12351
100 4415
100 6408
100 2494
100 115
100 3237
100 543
100 4318
100 4589
100 11504
100 4436
100 2142
100 493
100 930
100 7895
100 36592
100 10701
100 443
100 157
100 13835
100 5642
100 10451
100 25382
100 9862
100 5356
100 5634
100 5523
100 20129
100 115
100 6116
100 1034
100 15232
100 11795
100 2646
100 3579
100 9560
100 20434
100 1597
100 9154
100 10427
100 1209
100 11919
100 2595
100 12638
100 582
100 19723
100 6189
100 12876
100 1970
100 11738
100 11886
100 19961
100 164
100 899
100 12771
100 96
100 4074
100 12893
100 294
100 6017
100 12817
100 9005
100 19848
100 21440
100 10112
100 17712
100 24807
100 102
100 6708
100 18551
100 5365
100 8484
100 2983
100 4051
100 3458
100 2675
100 1580
100 10332
100 1633
100 6409
100 5168
100 7929
100 23532
100 6144
100 12208
100 9808
100 9765
100 21300
100 2243
100 528
100 879
100 515
100 13674
100 5786
100 16875
100 2391
100 1236
100 41796
100 12592
100 1408
100 404
100 10776
100 55580
100 18586
100 1425
100 4797
100 11780
100 11886
100 36502
100 2826
100 2510
100 25326
100 5011
100 12107
100 9658
100 1799
100 2215
100 30642
100 2549
100 5819
100 24223
100 9680
100 2229
100 2936
100 1488
100 3455
100 2213
100 7612
100 15701
100 26552
100 4007
100 14231
100 3143
100 2512
100 29396
100 11438
100 3289
100 7647
100 3785
100 10655
100 41
100 2255
100 9199
100 11790
100 25399
100 23909
100 21794
100 7810
100 22922
100 848
100 2265
100 4740
100 14029
100 1110
100 2751
100 15020
100 8969
100 6822
100 5329
100 2343
100 8867
100 8326
100 19206
100 6651
100 20890
100 6383
100 30786
100 2950
100 513
100 699
100 21297
100 4771
100 16339
100 12283
100 8471
100 9398
100 7328
100 15245
100 427
100 3115
100 2975
100 17136
100 38
100 22512
100 10773
100 40981
100 2582
100 8514
100 95
100 13252
100 363
100 863
100 24198
100 1054
100 6878
100 10689
100 5091
100 15863
100 20439
100 13463
100 374
100 3626
100 2340
100 12800
100 30583
100 2520
100 632
100 1437
100 1762
100 363
100 13674
100 244
100 1154
100 1693
100 3124
100 4033
100 13241
100 461
100 1774
100 3097
100 17230
100 899
100 5635
100 16046
100 3351
100 17447
100 7627
100 3383
100 28179
100 3266
100 17414
100 1408
100 4315
100 3031
100 6030
100 10500
100 17011
100 7063
100 571
100 8666
100 29874
100 17223
100 8440
100 2857
100 21891
100 6791
100 947
100 23946
100 5492
100 1495
100 808
100 43148
100 652
100 1980
100 733
100 20461
100 8934
100 11687
100 14834
100 40628
100 10300
100 21086
100 4038
100 25284
100 284
100 2676
100 2508
100 9916
100 2206
100 16014
100 491
100 5367
100 10530
100 45147
100 19421
100 13967
100 11291
100 813
100 3029
100 5290
100 3689
100 50102
100 5591
100 1149
100 7454
100 622
100 14887
100 11190
100 6343
100 4680
100 40703
100 8047
100 20878
100 23525
100 1634
100 19344
100 5686
100 2165
100 5958
100 3949
100 3659
100 162
100 3527
100 2438
100 3630
100 1184
100 12331
100 21962
100 9015
100 944
100 1961
100 21250
100 7844
100 387
100 9174
100 2402
100 875
100 4149
100 5206
100 8443
100 4751
100 17362
100 5452
100 21843
100 13280
100 20447
100 7523
100 1153
100 15634
100 2506
100 8710
100 6969
100 5292
100 17964
100 3654
100 4186
100 13491
100 2863
100 6894
100 1035
100 2472
100 2056
100 4201
100 228
100 7151
100 3133
100 4010
100 604
100 17545
100 87
100 6323
100 10594
100 10398
100 5308
100 7498
100 6758
100 1788
100 3107
100 8123
100 5880
100 19666
100 11202
100 4785
100 1812
100 13579
100 492
100 2317
100 11291
100 17867
100 38
100 1930
100 15628
100 3481
100 8584
100 41329
100 1898
100 7011
100 7562
100 9947
100 1642
100 15613
100 856
100 22722
100 3410
100 12653
100 854
100 4961
100 5770
100 11416
100 6030
100 6823
100 7971
100 6159
100 9202
100 22927
100 3644
100 9072
100 2882
100 22778
100 8077
100 3670
100 1850
100 1786
100 23111
100 621
100 162
100 6376
100 10100
100 4023
100 552
100 5663
100 911
100 11636
100 1671
100 4907
100 1950
100 3309
100 12995
100 83
100 58770
100 6311
100 1839
100 5410
100 9756
100 4191
100 3397
100 3820
100 5884
100 8807
100 11700
100 4495
100 4466
100 2820
100 15809
100 1235
100 12260
100 12442
100 12466
100 4741
100 4495
100 10026
100 19673
100 34172
100 8064
100 14735
100 438
100 9326
100 5088
100 22934
100 7988
100 22230
100 12457
100 33975
100 12873
100 2835
100 31745
100 24788
100 2468
100 117
100 10722
100 2216
100 768
100 1611
100 3715
100 10429
100 3514
100 21602
100 1023
100 1020
100 20369
100 3543
100 116
100 848
100 5400
100 5588
100 4591
100 7389
100 5460
100 7246
100 6595
100 27017
100 16220
100 7987
100 35970
100 3058
100 12153
100 1163
100 709
100 3188
100 395
100 6810
100 9102
100 9543
100 32272
100 4868
100 3243
100 12081
100 53056
100 1616
100 3978
100 546
100 22953
100 12047
100 14839
100 2922
100 9814
100 5719
100 3185
100 3432
100 2149
100 3327
100 41303
100 839
100 1273
100 19386
100 4297
100 33629
100 33221
100 25544
100 4367
100 10781
100 3560
100 118
100 3300
100 29506
100 6579
100 6650
100 17920
100 4677
100 716
100 4892
100 23935
100 11493
100 5273
100 11893
100 6952
100 16225
100 16065
100 8010
100 14139
100 9391
100 6953
100 9515
100 8908
100 29275
100 10565
100 16788
100 4222
100 2388
100 36450
100 13324
100 864
100 389
100 5561
100 21527
100 1764
100 15984
100 11694
100 11052
100 7582
100 13721
100 2928
100 7768
100 4203
100 29268
100 11995
100 21142
100 25734
100 8488
100 4009
100 13848
100 622
100 17293
100 9587
100 1277
100 6454
100 8394
100 6792
100 11776
100 11579
100 21939
100 17554
100 11495
100 7312
100 28635
