100 4692
100 25420
100 16125
100 1472
100 261
100 159
100 3850
100 16177
100 874
100 35912
100 9968
100 9737
100 13881
100 13640
100 1155
100 3463
100 6134
100 1277
100 599
100 38815
100 1016
100 14027
100 2467
100 1427
100 15035
100 3938
100 207
100 5980
100 2236
100 12532
100 20142
100 41482
100 5680
100 6029
100 33513
100 43780
100 34982
100 7705
100 18655
100 26000
100 17388
100 6752
100 5146
100 12348
100 17383
100 947
100 21879
100 8807
100 72
100 31063
100 1477
100 10298
100 1721
100 1857
100 13697
100 7022
100 12351
100 6628
100 18877
100 7243
100 19402
100 10908
100 9664
100 18296
100 4749
100 2900
100 9548
100 17729
100 3065
100 1436
100 361
100 5750
100 5391
100 18269
100 8407
100 2835
100 10914
100 11609
100 19494
100 2027
100 8248
100 3773
100 224
100 28691
100 1602
100 4831
100 4107
100 17503
100 7317
100 2034
100 979
100 10825
100 8218
100 6131
100 5357
100 1371
100 16141
100 11210
100 5079
100 11841
100 13481
100 566
100 17770
100 8698
100 147
100 2553
100 15287
100 5315
100 22128
100 8149
100 320
100 3489
100 24676
100 18430
100 3220
100 3261
100 9932
100 10837
100 185
100 10696
100 14271
100 10899
100 26024
100 264
100 17237
100 9330
100 21210
100 20534
100 2458
100 113
100 597
100 7521
100 3257
100 2696
100 28298
100 4593
100 19799
100 4061
100 8861
100 2790
100 24527
100 4282
100 10657
100 14143
100 21825
100 17981
100 9777
100 1241
100 27075
100 1393
100 14610
100 9493
100 3263
100 13209
100 4142
100 17576
100 12617
100 3841
100 12652
100 6448
100 11298
100 10025
100 11356
100 2495
100 6652
100 4563
100 15400
100 14703
100 14473
100 18601
100 5622
100 7214
100 1763
100 18936
100 22223
100 576
100 8915
100 270
100 29188
100 4695
100 63
100 12857
100 1199
100 11677
100 5386
100 8374
100 26078
100 12337
100 745
100 7789
100 8512
100 15913
100 109
100 5800
100 6380
100 4560
100 46418
100 3298
100 7513
100 6681
100 1017
100 1383
100 25404
100 606
100 6039
100 8490
100 3592
100 5088
100 2185
100 378
100 449
100 860
100 16170
100 3434
100 946
100 13707
100 18438
100 27298
100 2732
100 10852
100 509
100 8441
100 2536
100 624
100 21572
100 1638
100 5753
100 19800
100 8314
100 3685
100 3598
100 12586
100 7140
100 8031
100 7019
100 869
100 5862
100 5050
100 13019
100 5885
100 2283
100 7225
100 621
100 10149
100 17803
100 26561
100 11139
100 10058
100 7380
100 31399
100 3096
100 43485
100 7738
100 206
100 13627
100 5271
100 337
100 10731
100 729
100 204
100 2500
100 563
100 188
100 9105
100 20984
100 9973
100 130
100 5395
100 5224
100 12146
100 2640
100 5403
100 11409
100 7891
100 6434
100 7990
100 6463
100 10038
100 895
100 14110
100 1200
100 21196
100 33087
100 3672
100 9755
100 26681
100 9434
100 9550
100 993
100 6212
100 2592
100 3458
100 22376
100 3560
100 46283
100 1366
100 11281
100 120
100 4844
100 1698
100 935
100 19555
100 698
100 325
100 7774
100 36334
100 3425
100 1930
100 3745
100 24235
100 11125
100 7663
100 9235
100 7420
100 351
100 1423
100 18464
100 5599
100 3131
100 4769
100 1328
100 1761
100 12150
100 5064
100 4407
100 1895
100 1445
100 18831
100 5958
100 3709
100 10197
100 7734
100 2535
100 45175
100 5312
100 11430
100 3884
100 5469
100 20358
100 11349
100 1487
100 25521
100 9799
100 13517
100 4366
100 6189
100 9026
100 2028
100 17036
100 2540
100 20175
100 7698
100 15377
100 3768
100 2014
100 6408
100 3800
100 13683
100 14253
100 19734
100 2161
100 5395
100 5012
100 6138
100 3694
100 10794
100 4959
100 11776
100 11292
100 8173
100 4257
100 1343
100 22912
100 1735
100 1532
100 4179
100 9738
100 36915
100 2776
100 2654
100 11570
100 41696
100 7621
100 21224
100 1187
100 5309
100 6913
100 1543
100 9569
100 9360
100 2918
100 2092
100 5895
100 984
100 4829
100 10565
100 10521
100 9926
100 3676
100 12515
100 8287
100 4874
100 3565
100 3846
100 3038
100 5233
100 5714
100 19231
100 23344
100 7225
100 9642
100 13143
100 67
100 8026
100 15826
100 1595
100 4292
100 24469
100 3751
100 8772
100 254
100 35383
100 24074
100 21886
100 2338
100 8608
100 7345
100 1526
100 8444
100 9394
100 21273
100 4801
100 14128
100 11721
100 29572
100 10646
100 3328
100 6544
100 8995
100 5437
100 13069
100 1298
100 982
100 5902
100 3511
100 6408
100 1582
100 5045
100 2610
100 19409
100 8369
100 21435
100 1451
100 1316
100 1918
100 4092
100 10750
100 35164
100 8036
100 5770
100 32830
100 19963
100 12383
100 20023
100 15399
100 20826
100 2037
100 6651
100 8224
100 247
100 1682
100 1888
100 57846
100 4865
100 9468
100 5982
100 12136
100 3110
100 17266
100 26848
100 10989
100 18559
100 759
100 1056
100 13238
100 4371
100 19974
100 6910
100 5237
100 932
100 14354
100 1394
100 7997
100 2156
100 3494
100 5891
100 11768
100 17831
100 5873
100 12137
100 3796
100 9935
100 2282
100 12924
100 19381
100 2253
100 5265
100 11250
100 7
100 40832
100 5296
100 3104
100 15527
100 9927
100 9392
100 35141
100 8227
100 13501
100 602
100 28198
100 13759
100 7225
100 19044
100 6070
100 9540
100 669
100 8263
100 12282
100 29188
100 4141
100 2345
100 2195
100 509
100 18737
100 12445
100 6763
100 1842
100 32004
100 4818
100 25677
100 4931
100 2782
100 344
100 6500
100 13631
100 13624
100 15597
100 41240
100 32731
100 7934
100 3381
100 8666
100 5833
100 20260
100 730
100 20218
100 2792
100 8175
100 1678
100 1738
100 1032
100 11632
100 27052
100 528
100 15665
100 1169
100 13428
100 35644
100 289
100 7766
100 6023
100 45223
100 2116
100 24284
100 16763
100 815
100 71041
100 25243
100 4880
100 3036
100 2948
100 569
100 8760
100 15135
100 7058
100 2484
100 5852
100 1515
100 22368
100 40166
100 6508
100 9235
100 2733
100 14294
100 2544
100 21817
100 5336
100 7501
100 4201
100 58
100 15774
100 17511
100 17719
100 2406
100 1438
100 5014
100 362
100 8557
100 4569
100 21859
100 18278
100 5637
100 1124
100 13170
100 2025
100 39862
100 6679
100 18575
100 5841
100 9881
100 2363
100 4168
100 75
100 17098
100 2120
100 11442
100 2249
100 4746
100 8768
100 14784
100 6210
100 10979
100 83624
100 12425
100 15769
100 6875
100 5703
100 21468
100 23908
100 11404
100 19070
100 7498
100 3714
100 977
100 341
100 19954
100 2330
100 18262
100 10810
100 8385
100 1539
100 4665
100 13138
100 9308
100 146
100 5753
100 4719
100 574
100 15040
100 17039
100 4369
100 1623
100 32
100 8432
100 1203
100 17712
100 7011
100 3668
100 17867
100 2865
100 6612
100 79
100 5645
100 4342
100 4211
100 4802
100 24444
100 1909
100 7572
100 2535
100 954
100 4160
100 8248
100 5161
100 5597
100 31885
100 4042
100 6346
100 16367
100 4583
100 8070
100 363
100 333
100 34585
100 7956
100 15554
100 2609
100 18028
100 3680
100 19260
100 27539
100 5579
100 20058
100 15339
100 12110
100 9653
100 29526
100 10234
100 5361
100 55965
100 10905
100 880
100 17548
100 774
100 17160
100 206
100 8215
100 2919
100 3989
100 1474
100 168
100 26068
100 1107
100 21275
100 19606
100 2294
100 1761
100 14550
100 10908
100 2108
100 2489
100 27993
100 40197
100 26154
100 36676
100 4824
100 53472
100 13925
100 34060
100 18025
100 21360
100 5468
100 8561
100 5230
100 6837
100 5021
100 3401
100 32
100 12771
100 6871
100 2926
100 8070
100 17856
100 1672
100 25165
100 23762
100 7570
100 2055
100 39650
100 41660
100 219
100 30373
100 9794
100 700
100 2926
100 80
100 2008
100 5452
100 344
100 9969
100 12925
100 13324
100 19483
100 2018
100 4310
100 5378
100 30001
100 18210
100 3967
100 10604
100 13744
100 1118
100 24217
100 17857
100 910
100 17718
100 22931
100 4545
100 3740
100 4737
100 1885
100 8475
100 27801
100 6996
100 5815
100 9406
100 551
100 10536
100 1587
100 23151
100 15245
100 18520
100 747
100 10811
100 3379
100 186
100 11430
100 16524
100 20
100 2439
100 28318
100 10535
100 2014
100 5001
100 5192
100 9477
100 1747
100 197
100 6147
100 304
100 3847
100 2107
100 2282
100 6664
100 5357
100 593
100 6093
100 14748
100 7105
100 7120
100 5605
100 3805
100 9975
100 27694
100 15005
100 5068
100 9835
100 5413
100 5660
100 2806
100 8870
100 6464
100 7048
100 7617
100 39645
100 20224
100 9055
100 15858
100 16813
100 35540
100 20794
100 14355
100 31911
100 3167
100 28538
100 4086
100 38002
100 7142
100 21307
100 18918
100 2130
100 7238
100 1057
100 36299
100 3027
100 7106
100 3796
100 2113
100 19783
100 7646
100 15527
100 3778
100 18630
100 24813
100 7973
100 2634
100 5056
100 6062
100 17095
100 6602
100 15294
100 7876
100 7597
100 24040
100 1570
100 12767
100 1463
100 2512
100 4391
100 4762
100 8480
100 5546
100 5573
100 5390
100 8137
100 4269
100 4476
100 3999
100 7352
100 24050
100 14307
100 19084
100 1859
100 29630
100 3426
100 31846
100 16037
100 4752
100 4140
100 30851
100 186
100 11354
100 7593
100 9864
100 13847
100 24299
100 4874
100 20308
100 8142
100 8770
100 703
100 666
100 8659
100 974
100 370
100 1346
100 8169
100 10371
100 30866
100 5813
100 3783
100 6209
100 205
100 4034
100 182
100 220
100 33727
100 5236
100 1872
100 37541
100 9833
100 2442
100 7923
100 7385
100 1948
100 19826
100 5510
100 14666
100 11114
100 7739
100 15768
100 10494
100 719
100 23623
100 752
100 1456
100 12188
100 11710
100 1277
100 24595
100 16188
100 1525
100 5440
100 2822
100 264
100 6426
100 1296
100 14011
100 23328
100 13429
100 6790
100 15447
100 57278
100 5444
100 610
100 11222
100 2356
100 22178
100 324
100 14518
100 8545
100 11028
100 5695
100 6656
100 1061
100 19149
100 6785
100 5248
100 29700
100 58
100 4512
100 7707
100 5410
100 4540
100 8490
100 14546
100 9532
100 11107
100 2706
100 2030
