100 9339
100 12
100 5687
100 2863
100 12324
100 3769
100 1010
100 4894
100 3684
100 715
100 17461
100 12601
100 10081
100 6037
100 2841
100 15869
100 7336
100 13094
100 10710
100 11023
100 1917
100 2230
100 17287
100 3550
100 3766
100 9127
100 4924
100 8540
100 20644
100 1385
100 20045
100 15890
100 1161
100 7165
100 1137
100 25349
100 3850
100 6200
100 12625
100 9288
100 538
100 11203
100 803
100 12339
100 5261
100 1721
100 1011
100 9472
100 17152
100 1539
100 1703
100 17723
100 11890
100 2642
100 2855
100 709
100 23723
100 7636
100 13489
100 1599
100 10929
100 12650
100 2496
100 14872
100 5317
100 14537
100 165
100 7751
100 14079
100 8639
100 1061
100 11600
100 1881
100 1273
100 12067
100 8559
100 3692
100 30646
100 1243
100 3979
100 8529
100 539
100 7219
100 13557
100 12314
100 4237
100 3287
100 1431
100 10901
100 4570
100 7811
100 33512
100 14120
100 3482
100 5067
100 4712
100 9610
100 90
100 232
100 12912
100 15045
100 1611
100 14337
100 3271
100 3971
100 17230
100 1646
100 76729
100 10806
100 5816
100 13398
100 19452
100 23474
100 8091
100 5128
100 14230
100 1117
100 4075
100 15564
100 15358
100 3314
100 6443
100 2845
100 11216
100 8214
100 5510
100 306
100 1770
100 21744
100 3350
100 10492
100 6350
100 23837
100 17085
100 556
100 686
100 8414
100 11031
100 9054
100 6861
100 7110
100 5900
100 18628
100 611
100 15665
100 20117
100 8959
100 6479
100 24127
100 58
100 1045
100 30597
100 5827
100 10093
100 1596
100 8268
100 22876
100 3758
100 9516
100 2805
100 8055
100 996
100 6925
100 653
100 379
100 11796
100 2438
100 1591
100 8389
100 32045
100 7135
100 16230
100 3545
100 14712
100 16831
100 298
100 31214
100 7763
100 10445
100 3975
100 31732
100 1007
100 23221
100 2594
100 3093
100 13704
100 30863
100 3518
100 39744
100 4
100 8051
100 4612
100 4279
100 34740
100 317
100 27214
100 656
100 411
100 285
100 12202
100 24623
100 6779
100 41819
100 16168
100 1200
100 6221
100 4081
100 2987
100 4912
100 1091
100 642
100 4019
100 564
100 6240
100 23484
100 1824
100 131
100 2632
100 8601
100 7351
100 130
100 13283
100 3996
100 1398
100 3702
100 26239
100 9647
100 1697
100 51827
100 5065
100 996
100 4652
100 19756
100 2756
100 35841
100 5998
100 25345
100 928
100 6117
100 17376
100 244
100 4407
100 2075
100 10175
100 2140
100 4894
100 434
100 18980
100 1381
100 13586
100 863
100 18613
100 5496
100 487
100 11047
100 4301
100 6127
100 10835
100 8691
100 6294
100 9472
100 5991
100 7613
100 4012
100 32891
100 2531
100 4672
100 42748
100 248
100 19509
100 11930
100 4145
100 1166
100 19180
100 3691
100 10765
100 22779
100 9653
100 3265
100 4620
100 16972
100 3980
100 7351
100 29447
100 18885
100 13549
100 6934
100 23529
100 15060
100 6883
100 8313
100 1756
100 5749
100 239
100 14580
100 30627
100 26578
100 5665
100 2084
100 4922
100 35218
100 12233
100 7927
100 2975
100 527
100 6929
100 23124
100 19426
100 40749
100 27062
100 14065
100 27646
100 10367
100 17051
100 3240
100 30204
100 194
100 1453
100 14820
100 11093
100 1591
100 19586
100 7364
100 4923
100 8624
100 6275
100 4205
100 39837
100 4319
100 29423
100 8571
100 2094
100 4443
100 9522
100 10023
100 20971
100 340
100 1545
100 3089
100 786
100 2909
100 3885
100 818
100 13438
100 12349
100 25039
100 11926
100 50335
100 18180
100 5189
100 25823
100 3023
100 1673
100 7479
100 4177
100 10508
100 32646
100 736
100 19468
100 9458
100 25889
100 13029
100 12997
100 18817
100 33313
100 12324
100 10153
100 688
100 24676
100 2307
100 1978
100 8598
100 11259
100 666
100 12996
100 55
100 16561
100 3815
100 9970
100 3619
100 16388
100 25536
100 3600
100 1039
100 11509
100 10840
100 8032
100 8429
100 6418
100 14085
100 17577
100 1973
100 12550
100 26623
100 33535
100 3645
100 40151
100 1540
100 14477
100 2809
100 389
100 8394
100 9273
100 1770
100 2981
100 16314
100 2831
100 9378
100 164
100 39818
100 16149
100 22822
100 7614
100 8617
100 16840
100 3707
100 1182
100 10011
100 1186
100 8390
100 11207
100 2300
100 637
100 13969
100 947
100 35447
100 9124
100 19048
100 8463
100 116
100 5246
100 7263
100 6190
100 10569
100 352
100 34798
100 1217
100 15577
100 3879
100 1787
100 2737
100 35379
100 32265
100 6584
100 9365
100 12607
100 12834
100 9134
100 11193
100 5346
100 10715
100 11824
100 11711
100 35001
100 1400
100 19913
100 27798
100 14721
100 5138
100 1065
100 15591
100 2205
100 1671
100 5463
100 1908
100 16205
100 27683
100 3490
100 1044
100 14787
100 3983
100 32333
100 881
100 4009
100 6740
100 694
100 234
100 1955
100 17755
100 23
100 2267
100 1989
100 3715
100 4253
100 16724
100 11860
100 3443
100 26644
100 5123
100 9110
100 24476
100 648
100 12063
100 22258
100 898
100 21698
100 24118
100 4920
100 5544
100 4638
100 8640
100 18893
100 819
100 1487
100 10915
100 76
100 5993
100 15364
100 8453
100 15086
100 9875
100 4172
100 20394
100 368
100 6591
100 28970
100 25916
100 4158
100 2932
100 2357
100 6022
100 17242
100 1384
100 4827
100 11180
100 14889
100 401
100 5410
100 50298
100 12203
100 5411
100 3004
100 2185
100 2461
100 7841
100 35449
100 1893
100 73222
100 4166
100 9835
100 3465
100 8201
100 17445
100 10288
100 3126
100 6581
100 12318
100 6211
100 1036
100 2942
100 2832
100 22436
100 6148
100 3742
100 3885
100 1074
100 3458
100 737
100 9149
100 11750
100 2899
100 21239
100 960
100 11862
100 9018
100 1001
100 1401
100 22344
100 3031
100 4897
100 6275
100 7668
100 17797
100 42814
100 26354
100 8715
100 16127
100 3852
100 3046
100 14
100 67703
100 29381
100 16730
100 3814
100 1066
100 852
100 12077
100 8044
100 8625
100 5283
100 10744
100 4629
100 3882
100 32053
100 42328
100 373
100 1668
100 27915
100 14705
100 137
100 1485
100 15548
100 3206
100 13616
100 4267
100 1321
100 9459
100 1373
100 9253
100 26572
100 4143
100 2284
100 2703
100 5757
100 35221
100 522
100 1996
100 4319
100 680
100 16970
100 37033
100 5948
100 9395
100 651
100 3864
100 723
100 685
100 64
100 5742
100 3288
100 373
100 2346
100 14101
100 6175
100 8439
100 4345
100 8090
100 14687
100 476
100 26155
100 9836
100 12018
100 11221
100 34091
100 16399
100 4653
100 299
100 480
100 11925
100 4558
100 5425
100 1532
100 5290
100 9570
100 2673
100 10280
100 8313
100 480
100 18021
100 18208
100 6658
100 8282
100 3926
100 19841
100 16822
100 78
100 25189
100 2668
100 4761
100 4525
100 3150
100 5272
100 31863
100 10963
100 4047
100 14411
100 19320
100 3154
100 2495
100 3638
100 2628
100 24727
100 22926
100 2485
100 7179
100 12200
100 3172
100 19932
100 17195
100 4758
100 22927
100 9573
100 5827
100 8891
100 4023
100 2509
100 14819
100 10706
100 25896
100 4918
100 4392
100 3118
100 5234
100 7824
100 11272
100 833
100 1129
100 12867
100 15645
100 4926
100 820
100 4586
100 10816
100 6662
100 8934
100 13267
100 270
100 5653
100 3236
100 13552
100 2423
100 10362
100 4118
100 6094
100 662
100 2080
100 13255
100 4437
100 6927
100 18014
100 2140
100 7149
100 14657
100 12396
100 7692
100 5594
100 8261
100 1954
100 9853
100 13815
100 28188
100 6069
100 2738
100 13465
100 161
100 13104
100 7504
100 6864
100 18625
100 10846
100 13
100 25722
100 12144
100 9243
100 8643
100 3751
100 3221
100 6108
100 5344
100 992
100 17919
100 1896
100 144
100 9809
100 19099
100 7706
100 7130
100 50679
100 12789
100 7439
100 20843
100 9320
100 23137
100 27087
100 1665
100 6311
100 1057
100 6068
100 14047
100 3022
100 389
100 2542
100 5472
100 11717
100 30444
100 7217
100 1593
100 11673
100 457
100 45681
100 40282
100 3482
100 1750
100 1749
100 20948
100 54043
100 919
100 9072
100 8104
100 7449
100 408
100 1877
100 9128
100 62
100 487
100 5682
100 2551
100 6672
100 4169
100 9911
100 3226
100 2703
100 4260
100 5470
100 8311
100 16984
100 29778
100 8043
100 2499
100 7162
100 26039
100 7356
100 4598
100 6841
100 14343
100 4758
100 21523
100 574
100 4439
100 8465
100 1776
100 6983
100 20123
100 14643
100 19889
100 20030
100 10711
100 11882
100 3128
100 6300
100 17702
100 1550
100 6733
100 9384
100 1545
100 5439
100 3054
100 8076
100 4663
100 142
100 2921
100 9831
100 2095
100 22873
100 3428
100 17868
100 19699
100 2285
100 6536
100 15451
100 788
100 9980
100 4779
100 1103
100 9786
100 3556
100 13960
100 25650
100 20512
100 3099
100 2163
100 6961
100 5602
100 269
100 3268
100 2459
100 5135
100 5329
100 989
100 3246
100 8589
100 11919
100 5090
100 10378
100 1669
100 4704
100 2789
100 2203
100 150
100 6828
100 3615
100 3190
100 282
100 1426
100 14714
100 6156
100 2359
100 15884
100 6305
100 5369
100 17060
100 194
100 1427
100 12065
100 4233
100 17386
100 6364
100 15373
100 10749
100 10542
100 6244
100 51945
100 2547
100 16246
100 5369
100 4340
100 26237
100 10184
100 183
100 13904
100 6750
100 611
100 1262
100 11803
100 8218
100 4231
100 2327
100 14170
100 7947
100 5128
100 8762
100 10
100 16756
100 19419
100 4603
100 37322
100 18448
100 20031
100 9652
100 20028
100 23698
100 1781
100 8391
100 4485
100 13687
100 1195
100 1
100 27
100 10565
100 906
100 3658
100 3968
100 911
100 645
100 26023
100 1438
100 9308
100 10389
100 25663
100 155
100 5889
100 4350
100 4305
100 8113
100 7017
100 1094
100 1300
100 8093
100 21818
100 6213
100 2513
100 8530
100 22396
100 16948
100 9567
100 7633
100 6689
100 490
100 28264
100 10006
100 2151
100 4648
100 6555
100 10220
100 17242
100 10708
100 6239
100 14576
100 6368
100 46723
100 10742
100 9941
100 11565
100 2551
100 1097
100 4834
100 6510
100 5343
100 4619
100 134
