100 684
100 6309
100 8885
100 10265
100 2122
100 3143
100 3714
100 1663
100 13837
100 2006
100 31865
100 4883
100 5370
100 19960
100 2636
100 16833
100 3048
100 9015
100 12455
100 7878
100 19520
100 28875
100 15888
100 7955
100 3370
100 379
100 7673
100 6246
100 11903
100 1788
100 13890
100 33534
100 2681
100 3957
100 38384
100 14260
100 11329
100 13955
100 26208
100 4442
100 6375
100 15119
100 3806
100 7474
100 133
100 7807
100 20178
100 3802
100 3748
100 16857
100 10546
100 7614
100 9835
100 1421
100 859
100 6842
100 2393
100 14870
100 15251
100 2690
100 402
100 1351
100 7635
100 8976
100 13758
100 19849
100 12578
100 1852
100 1256
100 23575
100 5411
100 3496
100 1265
100 5216
100 740
100 3336
100 20873
100 2776
100 9259
100 10585
100 2809
100 1078
100 3815
100 15835
100 2044
100 6126
100 2453
100 6167
100 12837
100 6684
100 1566
100 10998
100 985
100 11083
100 4113
100 26776
100 22037
100 1599
100 7384
100 2612
100 6000
100 451
100 1477
100 45095
100 15165
100 34005
100 12093
100 638
100 3466
100 12737
100 5217
100 13760
100 5810
100 1551
100 2026
100 8468
100 5256
100 3857
100 6794
100 409
100 8136
100 389
100 4655
100 1845
100 4173
100 72193
100 7589
100 8496
100 1468
100 2820
100 26282
100 4691
100 4211
100 1745
100 13361
100 8366
100 11036
100 2441
100 423
100 1158
100 17174
100 32097
100 384
100 6741
100 11449
100 12624
100 158
100 1405
100 14510
100 10393
100 1772
100 15636
100 13302
100 3103
100 25606
100 6684
100 6286
100 3753
100 3423
100 15664
100 6991
100 640
100 1262
100 1437
100 169
100 1972
100 12501
100 4043
100 9060
100 18422
100 19018
100 14514
100 7905
100 13591
100 1010
100 86
100 9205
100 1764
100 12303
100 7638
100 3066
100 8494
100 156
100 6742
100 4239
100 603
100 19372
100 3724
100 5257
100 2711
100 27111
100 14581
100 1467
100 21747
100 33365
100 9532
100 9391
100 724
100 1311
100 8923
100 2331
100 19021
100 11710
100 5188
100 17531
100 3437
100 6566
100 3715
100 824
100 18643
100 14269
100 30770
100 72878
100 4134
100 3660
100 444
100 5238
100 1826
100 6974
100 6539
100 25710
100 7497
100 501
100 6618
100 5830
100 21227
100 6769
100 1382
100 3491
100 36953
100 672
100 2957
100 3052
100 4073
100 9337
100 3849
100 6413
100 12568
100 3456
100 15601
100 28026
100 289
100 39461
100 1835
100 19070
100 2619
100 14846
100 5403
100 21555
100 2362
100 36820
100 3681
100 8646
100 4478
100 4753
100 11814
100 4767
100 7881
100 2725
100 48348
100 3815
100 12928
100 10023
100 380
100 1832
100 19937
100 14526
100 6260
100 11116
100 1696
100 10686
100 4725
100 2637
100 21297
100 26349
100 17968
100 22570
100 4438
100 8742
100 23212
100 7173
100 7447
100 9585
100 10313
100 12561
100 13010
100 32255
100 11891
100 11411
100 26211
100 14284
100 7770
100 15675
100 12855
100 6924
100 23666
100 5892
100 5133
100 2940
100 7331
100 12408
100 11389
100 5068
100 3724
100 4317
100 18338
100 9216
100 6052
100 23284
100 22796
100 4038
100 4790
100 1656
100 2468
100 747
100 5104
100 4746
100 10296
100 1833
100 13
100 2792
100 19468
100 3765
100 8244
100 13808
100 4379
100 15633
100 3781
100 2506
100 17194
100 549
100 2950
100 4761
100 6829
100 1046
100 4763
100 545
100 710
100 1550
100 6660
100 10235
100 661
100 2042
100 4303
100 1024
100 2074
100 35
100 16757
100 13228
100 14125
100 38065
100 30543
100 6944
100 40468
100 4224
100 612
100 8529
100 2208
100 5515
100 48107
100 6117
100 6689
100 7337
100 8936
100 12304
100 1148
100 1826
100 35245
100 10106
100 30595
100 625
100 6349
100 6808
100 958
100 24520
100 1467
100 12965
100 4294
100 14624
100 12916
100 7141
100 1941
100 11240
100 6990
100 15801
100 18186
100 3286
100 11223
100 3143
100 1589
100 13032
100 16859
100 19554
100 14983
100 12526
100 31638
100 7954
100 17690
100 2946
100 15995
100 17947
100 3695
100 1563
100 556
100 5766
100 17559
100 7342
100 574
100 16150
100 16351
100 3331
100 15950
100 6619
100 1690
100 1430
100 5572
100 10195
100 8879
100 15898
100 1493
100 348
100 9305
100 32317
100 3970
100 423
100 13900
100 5970
100 18463
100 522
100 23870
100 3352
100 1175
100 439
100 8790
100 511
100 28455
100 9816
100 20011
100 11504
100 3293
100 6168
100 2426
100 12706
100 3103
100 6157
100 3859
100 17070
100 15152
100 9655
100 3176
100 41598
100 8507
100 4952
100 362
100 6617
100 7988
100 21018
100 1258
100 9543
100 33797
100 13351
100 8348
100 21753
100 4499
100 2573
100 1931
100 15300
100 12673
100 194
100 2532
100 1194
100 5339
100 19492
100 14773
100 3634
100 6323
100 3833
100 431
100 33881
100 1809
100 3095
100 98
100 10071
100 23467
100 6029
100 501
100 77000
100 5985
100 1207
100 3258
100 7625
100 4046
100 2286
100 15386
100 4078
100 6687
100 2105
100 12279
100 6321
100 8900
100 4086
100 9890
100 411
100 5744
100 15133
100 9972
100 10310
100 5387
100 5718
100 4178
100 8257
100 6951
100 3462
100 5565
100 3844
100 6902
100 15654
100 6815
100 441
100 8833
100 10393
100 2745
100 131
100 688
100 141
100 659
100 11
100 4404
100 1744
100 15256
100 5760
100 2189
100 30878
100 5144
100 3520
100 552
100 521
100 1104
100 62177
100 2736
100 46704
100 11540
100 7408
100 7415
100 3551
100 4233
100 8654
100 16044
100 16283
100 5675
100 6625
100 21807
100 27432
100 33333
100 9025
100 8483
100 2732
100 8447
100 11948
100 5533
100 18764
100 4389
100 52477
100 5098
100 21376
100 8134
100 4970
100 759
100 11660
100 3240
100 13799
100 590
100 18562
100 4970
100 24465
100 3068
100 11843
100 3541
100 9767
100 1978
100 12628
100 31711
100 10630
100 3983
100 5063
100 17245
100 16955
100 8090
100 14480
100 528
100 40545
100 33028
100 6858
100 4250
100 7322
100 15577
100 11160
100 4899
100 2402
100 14274
100 4241
100 1303
100 15917
100 6369
100 9439
100 21488
100 6236
100 21738
100 7934
100 2473
100 20370
100 17169
100 15743
100 7604
100 3750
100 3316
100 9825
100 1253
100 4922
100 13646
100 8682
100 18940
100 1559
100 2150
100 34370
100 25315
100 25828
100 4665
100 14119
100 3703
100 7799
100 563
100 10388
100 4938
100 13981
100 2339
100 740
100 5357
100 674
100 22011
100 18654
100 8996
100 893
100 3997
100 2960
100 9393
100 1883
100 629
100 4108
100 12591
100 20620
100 6766
100 9780
100 3584
100 1154
100 10552
100 7267
100 6549
100 6746
100 2423
100 10228
100 19947
100 19136
100 17171
100 39365
100 6066
100 36485
100 12459
100 16381
100 5120
100 14277
100 11635
100 11956
100 10266
100 3681
100 11429
100 1611
100 10003
100 5768
100 12937
100 581
100 15490
100 3934
100 589
100 6903
100 2379
100 10060
100 2539
100 3911
100 893
100 2485
100 31072
100 13567
100 6100
100 21976
100 1598
100 1256
100 5707
100 11260
100 3615
100 1135
100 10050
100 18591
100 8772
100 858
100 961
100 3611
100 11453
100 7164
100 1019
100 1997
100 8334
100 5973
100 6998
100 24189
100 21948
100 3433
100 1903
100 38305
100 5558
100 10999
100 7121
100 3197
100 8037
100 14702
100 5899
100 823
100 1933
100 13512
100 3586
100 8508
100 5508
100 9304
100 10732
100 7340
100 8215
100 8931
100 8505
100 5206
100 592
100 11570
100 5868
100 28
100 3548
100 6078
100 7669
100 2580
100 594
100 3230
100 12689
100 3752
100 7954
100 656
100 6739
100 2504
100 10392
100 6299
100 13675
100 414
100 5903
100 7044
100 7246
100 2944
100 13889
100 6380
100 1530
100 22827
100 14772
100 1405
100 17791
100 6305
100 1108
100 5615
100 1117
100 1459
100 1522
100 5110
100 24397
100 33557
100 3016
100 1938
100 3508
100 3720
100 7314
100 8169
100 30781
100 518
100 6027
100 13453
100 17988
100 4149
100 4948
100 8033
100 15766
100 3754
100 18202
100 28657
100 3525
100 7222
100 2655
100 7050
100 9037
100 18102
100 4231
100 4338
100 10174
100 2501
100 19220
100 2927
100 12036
100 21886
100 3282
100 5030
100 6969
100 8943
100 1003
100 5421
100 14767
100 9412
100 29999
100 998
100 7621
100 3440
100 20039
100 515
100 15569
100 5596
100 6965
100 4382
100 1072
100 5668
100 3923
100 5781
100 59
100 23699
100 4448
100 6004
100 6786
100 10050
100 3001
100 5842
100 6871
100 16184
100 2889
100 14745
100 11999
100 3278
100 27327
100 28828
100 7826
100 14788
100 12603
100 1357
100 1681
100 3056
100 378
100 2949
100 26678
100 18420
100 796
100 8209
100 21863
100 26374
100 10874
100 4388
100 11563
100 59424
100 12185
100 1062
100 28461
100 7528
100 3677
100 2908
100 8124
100 3587
100 1768
100 8834
100 8763
100 2141
100 10392
100 1458
100 8859
100 15785
100 16277
100 16360
100 3483
100 2257
100 8254
100 4020
100 29764
100 8274
100 10185
100 849
100 8775
100 18304
100 24375
100 18225
100 3755
100 12367
100 11455
100 24955
100 29772
100 4569
100 4716
100 7493
100 13652
100 48045
100 433
100 3600
100 479
100 3115
100 1535
100 7351
100 10017
100 13467
100 9639
100 2612
100 18468
100 7472
100 10666
100 563
100 4240
100 2557
100 11094
100 50
100 3728
100 8581
100 11403
100 1216
100 1093
100 16780
100 19956
100 3
100 17241
100 699
100 210
100 405
100 2928
100 7582
100 11127
100 22102
100 1321
100 18688
100 5118
100 1082
100 18552
100 19409
100 29191
100 13236
100 676
100 12258
100 3847
100 22536
100 2950
100 10621
100 6173
100 6599
100 35543
100 2378
100 5443
100 12604
100 9485
100 21627
100 7152
100 4864
100 2209
100 7594
100 2808
100 3236
100 8414
100 686
100 932
100 23006
100 4782
100 16384
100 6947
100 34754
100 256
100 4097
100 3422
100 4588
100 2611
100 8656
100 25120
100 1887
100 17900
100 3028
100 24819
100 17816
100 15896
100 6831
100 36530
100 5908
100 168
100 11885
100 5685
100 1455
100 11750
100 4967
100 5155
