100 22236
100 4175
100 4134
100 70
100 3675
100 7980
100 10082
100 5581
100 2524
100 2151
100 10647
100 5143
100 6440
100 2012
100 5135
100 23829
100 5174
100 11721
100 12331
100 8481
100 9802
100 16187
100 37997
100 8265
100 3907
100 796
100 14733
100 255
100 3548
100 6584
100 10024
100 61
100 24619
100 561
100 44751
100 9785
100 14526
100 1236
100 13298
100 4214
100 16954
100 7963
100 23287
100 5929
100 434
100 17536
100 368
100 1201
100 2318
100 10489
100 10951
100 6765
100 5733
100 7044
100 30616
100 2045
100 23083
100 16420
100 8595
100 1278
100 3360
100 32
100 24557
100 5601
100 24071
100 3232
100 21227
100 4426
100 31623
100 15093
100 11765
100 2700
100 5722
100 6685
100 8780
100 1056
100 2592
100 6748
100 727
100 20663
100 10843
100 15124
100 1917
100 511
100 24856
100 1182
100 7593
100 6649
100 14
100 9086
100 17889
100 3902
100 29456
100 1230
100 16467
100 10510
100 3660
100 14909
100 2072
100 3778
100 8453
100 4987
100 28586
100 7608
100 3257
100 4686
100 8252
100 6745
100 20131
100 2555
100 27990
100 31921
100 4321
100 685
100 7343
100 1687
100 19382
100 24240
100 9385
100 17797
100 6936
100 5599
100 867
100 10182
100 2165
100 18114
100 27208
100 2031
100 1597
100 39291
100 1923
100 820
100 7260
100 14783
100 2717
100 778
100 7331
100 19235
100 13206
100 3647
100 28817
100 25296
100 1925
100 13718
100 8435
100 33261
100 3905
100 3965
100 25927
100 8332
100 222
100 619
100 9323
100 2509
100 3375
100 12510
100 24097
100 29427
100 3413
100 5285
100 7341
100 7790
100 8451
100 20801
100 25269
100 4018
100 281
100 29039
100 6834
100 6199
100 16660
100 13749
100 24982
100 6645
100 4659
100 5866
100 10837
100 22332
100 21774
100 5637
100 6121
100 1502
100 8433
100 2334
100 2180
100 1041
100 10038
100 22627
100 1063
100 14489
100 6961
100 4678
100 8655
100 37690
100 2029
100 22943
100 16219
100 2740
100 29028
100 4216
100 2426
100 1733
100 32742
100 36432
100 16795
100 175
100 9308
100 1716
100 10410
100 8243
100 4373
100 317
100 6469
100 8799
100 1807
100 11815
100 774
100 5227
100 2706
100 1663
100 2069
100 1063
100 6556
100 9246
100 5626
100 4665
100 2615
100 1511
100 3997
100 19864
100 5736
100 7815
100 13091
100 5657
100 48356
100 1213
100 25456
100 11715
100 1405
100 3018
100 18367
100 1537
100 4177
100 86
100 1402
100 3947
100 10349
100 3206
100 1635
100 1409
100 5121
100 3492
100 13471
100 9571
100 6905
100 3702
100 5583
100 10385
100 37977
100 10154
100 505
100 3011
100 10628
100 5458
100 13250
100 11335
100 20443
100 4187
100 9565
100 355
100 7206
100 11267
100 10169
100 37502
100 136
100 4833
100 17399
100 644
100 2327
100 4723
100 1879
100 11902
100 527
100 3007
100 7216
100 7530
100 495
100 49338
100 1574
100 341
100 143
100 3502
100 451
100 3945
100 1982
100 25
100 12821
100 9334
100 32160
100 5724
100 373
100 6559
100 8
100 4766
100 1882
100 3173
100 52308
100 11396
100 2332
100 1503
100 3191
100 4996
100 11831
100 7650
100 647
100 13724
100 353
100 10566
100 1527
100 1402
100 26751
100 5986
100 807
100 3101
100 4125
100 10431
100 321
100 1886
100 21874
100 16302
100 5516
100 16789
100 18276
100 21203
100 22910
100 39704
100 3114
100 20135
100 4307
100 8958
100 630
100 7427
100 10457
100 1690
100 16762
100 9680
100 3262
100 4330
100 629
100 14916
100 3095
100 15967
100 511
100 17663
100 10694
100 100
100 4127
100 2757
100 3923
100 8902
100 5387
100 28747
100 8925
100 4145
100 43066
100 968
100 11289
100 8128
100 4778
100 1579
100 26293
100 17597
100 2853
100 7814
100 5766
100 992
100 5304
100 4001
100 17768
100 3307
100 92
100 4777
100 5543
100 17242
100 4595
100 3640
100 8435
100 7171
100 4687
100 3196
100 4654
100 21302
100 6068
100 4189
100 3401
100 8013
100 9577
100 10003
100 85
100 3137
100 14740
100 10600
100 12247
100 3653
100 896
100 7337
100 8510
100 1055
100 24520
100 2535
100 421
100 2144
100 11928
100 10987
100 1414
100 5396
100 387
100 1872
100 5836
100 30347
100 7859
100 4328
100 7531
100 13969
100 28306
100 2779
100 4592
100 18890
100 3841
100 2494
100 6598
100 3493
100 8642
100 1833
100 5900
100 1586
100 23864
100 3838
100 4493
100 9476
100 18243
100 11855
100 1928
100 266
100 6781
100 6655
100 7006
100 11374
100 4883
100 1019
100 11389
100 11965
100 9788
100 26769
100 6051
100 25329
100 9410
100 13846
100 21946
100 7655
100 1284
100 12979
100 2453
100 13192
100 24371
100 17293
100 2271
100 15748
100 4735
100 8043
100 9950
100 1532
100 637
100 11129
100 507
100 648
100 5675
100 6851
100 2693
100 132
100 884
100 1443
100 5320
100 12331
100 9825
100 8417
100 1122
100 37109
100 14179
100 14527
100 15021
100 4188
100 4992
100 26438
100 4403
100 6606
100 32249
100 14881
100 6450
100 3300
100 30934
100 24192
100 4381
100 630
100 19188
100 2488
100 5630
100 4576
100 3190
100 5465
100 10638
100 5629
100 963
100 32422
100 18888
100 498
100 12113
100 6216
100 4823
100 18145
100 1478
100 21730
100 23344
100 1370
100 1275
100 19753
100 11248
100 3269
100 9503
100 16992
100 14168
100 9072
100 11101
100 7984
100 4077
100 826
100 1078
100 3860
100 6885
100 19984
100 7207
100 5630
100 9812
100 2921
100 7501
100 18628
100 3260
100 4161
100 29488
100 3962
100 211
100 9635
100 7260
100 10619
100 20729
100 4924
100 2533
100 6547
100 21313
100 17232
100 1597
100 3452
100 13018
100 12062
100 9150
100 1577
100 596
100 11026
100 836
100 831
100 13092
100 10111
100 39876
100 11061
100 18894
100 5570
100 13615
100 1041
100 3209
100 31950
100 724
100 5658
100 29721
100 7506
100 19365
100 810
100 3086
100 4079
100 15665
100 4796
100 1170
100 2574
100 18374
100 6509
100 15493
100 4319
100 1454
100 1934
100 5869
100 1417
100 3293
100 24495
100 3004
100 41669
100 1136
100 5100
100 38369
100 8962
100 2896
100 23431
100 6343
100 2937
100 5140
100 4859
100 1643
100 23689
100 1573
100 47773
100 12995
100 4347
100 9373
100 5174
100 4677
100 29376
100 14371
100 1946
100 10689
100 5695
100 13612
100 5665
100 3596
100 1178
100 4855
100 1793
100 2656
100 6285
100 5636
100 378
100 79
100 4874
100 52
100 8457
100 6585
100 11785
100 12593
100 15079
100 971
100 598
100 2930
100 11690
100 13351
100 3534
100 4120
100 10233
100 9563
100 11669
100 18765
100 14418
100 1535
100 13305
100 11509
100 19330
100 9279
100 6834
100 24025
100 2868
100 12981
100 14131
100 3845
100 12773
100 3190
100 15016
100 12109
100 8946
100 652
100 4857
100 14199
100 4586
100 2421
100 1557
100 8220
100 5033
100 6121
100 3124
100 5156
100 8106
100 318
100 5926
100 9702
100 378
100 8119
100 8486
100 2035
100 22728
100 19121
100 8356
100 629
100 12503
100 7187
100 370
100 8191
100 1286
100 27299
100 19368
100 6923
100 60295
100 22871
100 4109
100 1847
100 1891
100 1318
100 1343
100 2198
100 6460
100 10930
100 16657
100 21804
100 5835
100 32092
100 4366
100 5634
100 3486
100 9463
100 10619
100 8731
100 21663
100 7871
100 2702
100 4981
100 9552
100 4868
100 3243
100 7776
100 9830
100 1962
100 1704
100 2521
100 30642
100 20307
100 79853
100 7694
100 28759
100 13731
100 42786
100 7102
100 4384
100 9918
100 13422
100 17903
100 1719
100 766
100 5952
100 39755
100 5182
100 11999
100 9533
100 2637
100 2199
100 21566
100 35739
100 6076
100 10375
100 10401
100 28286
100 4419
100 1126
100 5070
100 1596
100 6863
100 35435
100 16895
100 32014
100 14458
100 14802
100 5293
100 14234
100 933
100 14387
100 10819
100 15247
100 94
100 7547
100 3562
100 1158
100 917
100 406
100 1395
100 6604
100 13404
100 8528
100 13907
100 5202
100 12736
100 5181
100 9141
100 1561
100 8634
100 8769
100 5066
100 9687
100 15266
100 3669
100 8969
100 16213
100 521
100 22788
100 1540
100 21876
100 18536
100 1376
100 10759
100 1902
100 1748
100 1796
100 4321
100 18151
100 4285
100 3917
100 6058
100 12794
100 21640
100 10450
100 17263
100 1655
100 32173
100 13494
100 8505
100 6213
100 7436
100 15341
100 1357
100 539
100 12828
100 12250
100 6133
100 81
100 4181
100 9035
100 3843
100 3305
100 24120
100 1438
100 7037
100 284
100 6568
100 14026
100 11499
100 7575
100 4627
100 17149
100 13276
100 6172
100 3597
100 4871
100 3180
100 5679
100 46361
100 7405
100 2498
100 2407
100 48219
100 13215
100 13565
100 45131
100 29508
100 802
100 37518
100 11913
100 5866
100 10188
100 4386
100 989
100 22466
100 6896
100 2049
100 19712
100 4591
100 1211
100 24475
100 10525
100 5705
100 1143
100 11204
100 11626
100 14267
100 1716
100 8695
100 13850
100 6866
100 2087
100 8740
100 10650
100 2436
100 3762
100 2542
100 12244
100 29063
100 680
100 1378
100 8218
100 6416
100 6398
100 51
100 2583
100 17913
100 7698
100 16277
100 67
100 949
100 18247
100 11339
100 6889
100 3644
100 9839
100 15979
100 4437
100 960
100 1565
100 26513
100 1534
100 516
100 14191
100 1399
100 8044
100 6071
100 6364
100 11266
100 10181
100 965
100 11637
100 7225
100 304
100 3136
100 23279
100 4889
100 3214
100 6367
100 10895
100 23812
100 4623
100 10631
100 24941
100 3319
100 19702
100 9155
100 1011
100 10052
100 21193
100 4629
100 25126
100 7252
100 5722
100 14185
100 2716
100 20055
100 7279
100 13674
100 1748
100 12336
100 7483
100 16398
100 1672
100 44
100 14964
100 1166
100 115
100 7444
100 346
100 665
100 25637
100 866
100 5533
100 12453
100 4447
100 1607
100 4885
100 2519
100 465
100 24860
100 3045
100 7145
100 5133
100 8693
100 1158
100 15937
100 22559
100 1884
100 6595
100 943
100 21272
100 4160
100 3093
100 8613
100 29164
100 12192
100 17477
100 23145
100 8166
100 15682
100 1856
