100 1839
100 5592
100 18672
100 6390
100 8052
100 8238
100 2814
100 4611
100 7402
100 2963
100 4998
100 14921
100 13306
100 2616
100 27367
100 6747
100 4839
100 9997
100 13946
100 9622
100 614
100 16205
100 8971
100 19779
100 19608
100 16262
100 15341
100 7145
100 14155
100 34226
100 1156
100 3083
100 2002
100 963
100 4092
100 2018
100 8666
100 13022
100 14671
100 22563
100 4671
100 27298
100 38781
100 3611
100 22698
100 5223
100 25151
100 310
100 3445
100 19230
100 2604
100 3560
100 1297
100 15843
100 12642
100 9068
100 4089
100 4846
100 16186
100 3989
100 8011
100 1035
100 14523
100 4543
100 5422
100 903
100 4060
100 234
100 5977
100 6563
100 17347
100 1445
100 23509
100 26610
100 2871
100 34345
100 30892
100 6186
100 14741
100 1865
100 4361
100 18856
100 3343
100 1051
100 38453
100 914
100 3923
100 507
100 2995
100 1176
100 10920
100 13100
100 18043
100 14362
100 16649
100 10030
100 14793
100 23341
100 17763
100 11673
100 35947
100 3424
100 6561
100 26965
100 171
100 4281
100 18158
100 4302
100 5935
100 12033
100 34665
100 40505
100 1181
100 7131
100 1309
100 24478
100 9327
100 11195
100 9167
100 3192
100 8690
100 8163
100 6651
100 12422
100 15851
100 8737
100 1598
100 3497
100 5404
100 4917
100 15643
100 13935
100 9242
100 4175
100 8747
100 34373
100 5251
100 7483
100 1986
100 9825
100 5913
100 5653
100 2033
100 19762
100 8372
100 1184
100 4387
100 5778
100 16249
100 1612
100 18697
100 4920
100 9984
100 15232
100 52361
100 9875
100 9673
100 286
100 43761
100 667
100 2404
100 2775
100 16608
100 6490
100 15227
100 20090
100 18385
100 1544
100 1377
100 6742
100 9927
100 16729
100 8963
100 2027
100 18523
100 25970
100 9274
100 1817
100 8984
100 2174
100 11959
100 8663
100 7230
100 2842
100 16392
100 3044
100 6911
100 20977
100 5018
100 2128
100 812
100 20601
100 13724
100 6215
100 15043
100 1023
100 669
100 10300
100 25167
100 1123
100 28265
100 1566
100 25102
100 736
100 1143
100 5847
100 22999
100 1303
100 3248
100 2718
100 1412
100 8516
100 1629
100 8204
100 33138
100 17900
100 13639
100 1799
100 111
100 1808
100 4252
100 13828
100 4773
100 3564
100 22674
100 12984
100 2223
100 7368
100 5407
100 4902
100 10692
100 12244
100 12426
100 19041
100 2782
100 36481
100 22815
100 688
100 7841
100 1367
100 9611
100 992
100 11328
100 12278
100 9650
100 1824
100 22459
100 16081
100 10527
100 2562
100 5136
100 12800
100 8074
100 670
100 23749
100 5333
100 10123
100 4739
100 2999
100 15624
100 20513
100 11888
100 4743
100 12808
100 4430
100 13438
100 4873
100 1137
100 1612
100 4087
100 17848
100 5384
100 34758
100 8810
100 3839
100 1960
100 35021
100 8522
100 183
100 2222
100 15668
100 39764
100 9608
100 3511
100 2693
100 4479
100 4413
100 5871
100 20851
100 7514
100 5326
100 4935
100 2393
100 6073
100 4058
100 3914
100 8097
100 33927
100 7040
100 5376
100 10405
100 6374
100 5330
100 13110
100 20045
100 4713
100 360
100 4359
100 22094
100 29066
100 6414
100 381
100 17291
100 988
100 20611
100 4178
100 13773
100 8259
100 3840
100 3923
100 172
100 8485
100 6825
100 9938
100 15727
100 6490
100 14376
100 16014
100 16756
100 373
100 10330
100 20302
100 6185
100 7391
100 8684
100 18916
100 5969
100 1243
100 9954
100 2337
100 4660
100 2055
100 5334
100 2292
100 14543
100 1927
100 24131
100 7761
100 324
100 2447
100 4105
100 4255
100 2458
100 9980
100 5652
100 2748
100 14023
100 6530
100 8128
100 893
100 14405
100 26773
100 33559
100 2930
100 156
100 77534
100 9632
100 13350
100 4537
100 18760
100 15496
100 1247
100 12118
100 27449
100 9591
100 19462
100 4052
100 9032
100 11725
100 6702
100 11271
100 13279
100 5062
100 1241
100 5699
100 13144
100 2992
100 2667
100 2120
100 3808
100 7238
100 3796
100 1067
100 19460
100 5405
100 7943
100 3500
100 5653
100 7835
100 12649
100 6305
100 9099
100 2993
100 35555
100 1498
100 33079
100 18522
100 7074
100 1092
100 4425
100 11074
100 5258
100 10618
100 1693
100 5956
100 14336
100 32913
100 1424
100 10610
100 7477
100 16926
100 6337
100 1698
100 25933
100 5401
100 9209
100 727
100 20113
100 2001
100 7385
100 8221
100 4521
100 2892
100 5862
100 6210
100 10106
100 93
100 3749
100 8919
100 10532
100 4313
100 3184
100 1154
100 9746
100 5848
100 4483
100 3611
100 10053
100 6103
100 5786
100 2194
100 13361
100 10965
100 2045
100 20842
100 791
100 8890
100 10016
100 8948
100 5833
100 5662
100 3719
100 23910
100 1803
100 25364
100 12231
100 8200
100 11129
100 11467
100 11494
100 13786
100 16604
100 333
100 1546
100 6417
100 46318
100 544
100 7071
100 9843
100 17454
100 5907
100 6838
100 5001
100 133
100 19465
100 23824
100 2224
100 4173
100 3778
100 574
100 27367
100 1677
100 12574
100 7642
100 21397
100 8190
100 2274
100 6620
100 13686
100 6763
100 6569
100 1764
100 21915
100 3522
100 8943
100 14238
100 5296
100 19868
100 7580
100 23212
100 7677
100 15257
100 24972
100 1709
100 295
100 6618
100 7487
100 3669
100 2230
100 1652
100 6529
100 3177
100 5211
100 31120
100 12802
100 2141
100 3130
100 3371
100 1666
100 23207
100 2537
100 4101
100 8927
100 54871
100 881
100 1628
100 45916
100 1564
100 1964
100 8760
100 1892
100 88
100 20293
100 3868
100 32358
100 10472
100 1573
100 6138
100 11433
100 5821
100 13427
100 875
100 7956
100 20092
100 9151
100 204
100 7660
100 33464
100 14927
100 64070
100 2325
100 2641
100 15459
100 3316
100 14866
100 2705
100 7926
100 20124
100 8429
100 21610
100 23126
100 8447
100 4292
100 3606
100 17274
100 16689
100 1148
100 9751
100 15629
100 4244
100 10235
100 14270
100 3408
100 771
100 2587
100 322
100 5468
100 3319
100 9333
100 10880
100 5438
100 6450
100 9185
100 8827
100 8002
100 2365
100 10300
100 20282
100 15676
100 21518
100 357
100 2262
100 31084
100 214
100 8600
100 8111
100 21882
100 38641
100 365
100 28816
100 6390
100 7516
100 22190
100 17110
100 1558
100 8469
100 9437
100 10602
100 3874
100 20445
100 65598
100 485
100 17007
100 6332
100 13909
100 8659
100 3733
100 838
100 26898
100 35952
100 2979
100 5685
100 23920
100 23932
100 4844
100 6687
100 389
100 38239
100 25168
100 33187
100 10548
100 10373
100 3946
100 21878
100 8607
100 1982
100 9360
100 866
100 18459
100 13149
100 16
100 2724
100 27261
100 5342
100 21142
100 1170
100 2430
100 8283
100 2021
100 6955
100 1764
100 17366
100 1439
100 16153
100 907
100 20211
100 14084
100 8568
100 2219
100 20769
100 2648
100 6317
100 19002
100 8346
100 3060
100 6407
100 2302
100 1807
100 1768
100 14841
100 16393
100 23589
100 10784
100 6255
100 5914
100 9661
100 59
100 687
100 2894
100 10661
100 2171
100 1398
100 2714
100 11258
100 1570
100 10039
100 19655
100 4171
100 7446
100 393
100 16880
100 1530
100 490
100 2461
100 20102
100 22886
100 795
100 2091
100 13729
100 18505
100 16641
100 17826
100 8575
100 8174
100 14287
100 32622
100 23793
100 2547
100 2404
100 20242
100 8508
100 22903
100 10206
100 1123
100 7602
100 24250
100 514
100 5229
100 2333
100 221
100 11970
100 11475
100 1592
100 2225
100 4342
100 36171
100 14669
100 34616
100 4645
100 20561
100 6589
100 15023
100 1104
100 3048
100 15944
100 8466
100 14119
100 5671
100 1461
100 5239
100 54587
100 26500
100 20749
100 20141
100 23592
100 6859
100 24344
100 7470
100 6445
100 468
100 14450
100 4679
100 903
100 4646
100 7432
100 1598
100 3790
100 7212
100 6601
100 5429
100 11089
100 9100
100 36083
100 16752
100 2822
100 145
100 269
100 16292
100 7047
100 8827
100 5501
100 1251
100 26766
100 12314
100 3727
100 2251
100 10133
100 20455
100 66
100 9398
100 1894
100 3946
100 12846
100 6015
100 2877
100 5493
100 35
100 25040
100 12984
100 3656
100 28507
100 4352
100 10352
100 3767
100 26153
100 10380
100 11624
100 2371
100 14615
100 9235
100 3834
100 810
100 26421
100 3537
100 974
100 2423
100 422
100 976
100 2050
100 5605
100 1977
100 892
100 8907
100 8256
100 10499
100 21517
100 7412
100 200
100 16434
100 9319
100 211
100 6406
100 2957
100 8549
100 12055
100 133
100 498
100 6840
100 53363
100 3861
100 13462
100 20866
100 7791
100 2344
100 3056
100 6675
100 10819
100 2208
100 6766
100 42143
100 27024
100 939
100 5087
100 4884
100 26838
100 16321
100 10976
100 2001
100 12047
100 1173
100 5482
100 2689
100 15240
100 6527
100 1053
100 2214
100 13970
100 9750
100 748
100 1711
100 4433
100 2352
100 11591
100 15166
100 1276
100 6258
100 16420
100 5350
100 14598
100 5992
100 4921
100 15008
100 18119
100 1520
100 4732
100 12940
100 19621
100 29366
100 1627
100 35257
100 5201
100 7018
100 20473
100 675
100 2624
100 1551
100 5902
100 952
100 4734
100 19603
100 7558
100 5128
100 1633
100 5023
100 1365
100 3529
100 9202
100 2738
100 1125
100 20427
100 1659
100 7380
100 3272
100 2073
100 1495
100 17189
100 6818
100 9857
100 12920
100 6826
100 10793
100 5738
100 5921
100 846
100 4387
100 18482
100 20150
100 968
100 17365
100 6225
100 8928
100 2018
100 32891
100 6841
100 13726
100 6987
100 18787
100 9356
100 3506
100 5145
100 8837
100 388
100 6107
100 5845
100 31405
100 15729
100 12915
100 6460
100 11081
100 5431
100 11660
100 25877
100 3718
100 2277
100 640
100 14308
100 3816
100 1289
100 2835
100 2542
100 1894
100 4743
100 5425
100 2079
100 7549
100 3573
100 11044
100 11026
100 11088
100 8152
100 7422
100 1493
100 10381
100 9990
100 4292
100 2165
100 10791
100 20703
100 1803
100 737
100 901
100 6493
100 5364
100 15214
100 7025
100 5310
100 4504
100 7026
100 562
100 2139
100 8640
100 29301
100 4591
100 16902
100 3833
100 2999
100 6981
100 17640
100 21250
100 23629
