100 7298
100 23184
100 5804
100 8854
100 1364
100 7583
100 3735
100 10440
100 1648
100 2017
100 3656
100 1444
100 9571
100 38494
100 7666
100 23323
100 6092
100 6285
100 6703
100 6244
100 2200
100 3699
100 9981
100 1077
100 4750
100 25135
100 5576
100 13272
100 604
100 1737
100 8856
100 9426
100 4518
100 16893
100 4354
100 11167
100 19724
100 8155
100 1700
100 9137
100 6844
100 2729
100 10858
100 4966
100 13776
100 14263
100 1348
100 880
100 7874
100 18952
100 19956
100 13051
100 16410
100 2587
100 227
100 3521
100 4351
100 1212
100 7290
100 8875
100 436
100 940
100 9937
100 6003
100 1083
100 9319
100 25199
100 6359
100 4139
100 31553
100 19981
100 15846
100 5387
100 2175
100 1824
100 12434
100 5863
100 6142
100 8495
100 2544
100 24878
100 6136
100 973
100 11543
100 18695
100 2675
100 27851
100 17182
100 8372
100 4771
100 5911
100 5833
100 3395
100 10769
100 703
100 12082
100 667
100 13506
100 24883
100 8294
100 26202
100 9296
100 4448
100 1754
100 33896
100 11419
100 5062
100 14808
100 7052
100 14243
100 615
100 16170
100 2739
100 7832
100 2774
100 18944
100 20015
100 6836
100 3973
100 2967
100 658
100 1598
100 37363
100 2290
100 221
100 1411
100 25317
100 8003
100 4164
100 9151
100 2669
100 8244
100 287
100 6516
100 3967
100 1473
100 8832
100 1020
100 23232
100 4820
100 172
100 1370
100 16840
100 5549
100 2117
100 30421
100 10677
100 2301
100 16654
100 9456
100 7322
100 1941
100 13690
100 879
100 14171
100 2932
100 12634
100 3119
100 6908
100 1522
100 692
100 2308
100 5181
100 21831
100 249
100 16592
100 17438
100 11671
100 28046
100 30530
100 6720
100 8857
100 5681
100 3014
100 33363
100 4716
100 18537
100 12442
100 6738
100 12025
100 226
100 12804
100 7032
100 5650
100 18888
100 4884
100 7806
100 14068
100 3576
100 3983
100 22208
100 524
100 552
100 3427
100 10168
100 18625
100 654
100 34102
100 5705
100 15702
100 2946
100 12948
100 7761
100 5986
100 11111
100 7335
100 2933
100 1373
100 7432
100 8411
100 4940
100 14015
100 8980
100 849
100 9022
100 4014
100 41748
100 37989
100 14433
100 7163
100 15795
100 11304
100 1381
100 14945
100 4829
100 2034
100 1995
100 2928
100 3820
100 24770
100 1934
100 6363
100 1784
100 2048
100 4404
100 8682
100 20239
100 5934
100 23651
100 3321
100 1245
100 1083
100 4249
100 517
100 16094
100 16258
100 3229
100 571
100 24539
100 58952
100 31250
100 26285
100 8911
100 5300
100 7209
100 2897
100 11796
100 6588
100 16170
100 4003
100 2994
100 5173
100 30779
100 21207
100 4872
100 5818
100 11664
100 2700
100 1843
100 8981
100 8173
100 12733
100 18091
100 24776
100 9052
100 9272
100 11034
100 2594
100 1899
100 1353
100 2290
100 6829
100 13636
100 4491
100 5296
100 1982
100 5093
100 10365
100 25064
100 8012
100 3273
100 2249
100 26146
100 127
100 2901
100 647
100 11255
100 23889
100 32898
100 2682
100 32626
100 4603
100 10299
100 4351
100 8075
100 3423
100 1667
100 13697
100 7352
100 15262
100 3867
100 23623
100 1875
100 2214
100 11764
100 23938
100 8300
100 2247
100 19058
100 8021
100 4724
100 40267
100 10013
100 4437
100 8289
100 3228
100 13727
100 2563
100 2068
100 4314
100 3414
100 2339
100 14195
100 558
100 26937
100 17795
100 1080
100 5464
100 8587
100 23204
100 5295
100 2102
100 10477
100 3983
100 15876
100 7739
100 234
100 10561
100 9521
100 31112
100 14925
100 12482
100 32418
100 6354
100 8559
100 4612
100 12745
100 3403
100 37078
100 1327
100 712
100 11895
100 24220
100 1049
100 4771
100 2337
100 5780
100 21624
100 9898
100 6986
100 6258
100 3435
100 7293
100 6029
100 255
100 1049
100 2657
100 3945
100 10730
100 18581
100 2384
100 6975
100 1079
100 6639
100 5489
100 8553
100 1481
100 4192
100 2698
100 6774
100 23619
100 5732
100 11929
100 378
100 327
100 8900
100 7198
100 6448
100 9876
100 646
100 22442
100 15458
100 14414
100 8792
100 7646
100 17564
100 11526
100 4359
100 1944
100 4580
100 6352
100 23260
100 9251
100 1124
100 11829
100 5871
100 10060
100 1675
100 3590
100 2552
100 6009
100 6834
100 12899
100 24648
100 4218
100 8346
100 328
100 15251
100 5284
100 10009
100 208
100 21405
100 782
100 873
100 13528
100 2772
100 16440
100 14179
100 8459
100 8227
100 2349
100 1866
100 4364
100 14922
100 142
100 8820
100 237
100 4550
100 9326
100 3985
100 3419
100 7161
100 292
100 1193
100 8350
100 38794
100 487
100 2063
100 8996
100 29312
100 4146
100 5782
100 2188
100 4195
100 4457
100 2696
100 13919
100 8336
100 6966
100 1609
100 6775
100 1037
100 24683
100 6791
100 14645
100 22411
100 1237
100 22596
100 2703
100 1704
100 8309
100 2637
100 14531
100 5551
100 9882
100 2200
100 7825
100 2765
100 3356
100 538
100 8558
100 4142
100 32388
100 29995
100 10943
100 22219
100 9075
100 23339
100 6507
100 8206
100 1009
100 3399
100 1506
100 2963
100 20781
100 7449
100 222
100 9589
100 3423
100 1320
100 22872
100 15229
100 20136
100 10011
100 13563
100 1162
100 3667
100 14140
100 1082
100 13537
100 38901
100 12612
100 1045
100 29695
100 11913
100 4557
100 10774
100 12115
100 12317
100 3499
100 4037
100 25225
100 2449
100 1318
100 5547
100 3780
100 1197
100 6664
100 17424
100 6088
100 6563
100 2218
100 10305
100 2437
100 30037
100 15475
100 5670
100 6192
100 4088
100 9993
100 1140
100 10445
100 7388
100 3744
100 13977
100 34026
100 36175
100 35373
100 5868
100 39329
100 16494
100 7745
100 1764
100 9707
100 4452
100 20271
100 2444
100 7785
100 12714
100 1042
100 9287
100 5612
100 9335
100 4178
100 8460
100 24577
100 636
100 5119
100 23751
100 17735
100 5902
100 10203
100 4683
100 125
100 12697
100 10743
100 9449
100 938
100 23480
100 9713
100 12244
100 7805
100 24313
100 9701
100 8964
100 5427
100 3937
100 5423
100 13707
100 7132
100 5685
100 11090
100 41405
100 3615
100 35816
100 16188
100 28890
100 1050
100 13063
100 9287
100 7846
100 31167
100 4843
100 5121
100 5673
100 16071
100 692
100 4052
100 37689
100 38640
100 2793
100 20729
100 7633
100 1032
100 9294
100 1807
100 16541
100 15323
100 3934
100 14742
100 9044
100 16613
100 24975
100 9872
100 15082
100 3041
100 15916
100 17415
100 12563
100 4518
100 3519
100 7216
100 9938
100 23924
100 9427
100 12971
100 1366
100 7873
100 3884
100 2628
100 9112
100 2169
100 448
100 30429
100 7503
100 22054
100 15001
100 4020
100 17339
100 34315
100 11075
100 7424
100 6871
100 17487
100 16597
100 1591
100 346
100 12097
100 13138
100 3475
100 5112
100 368
100 4328
100 10460
100 22190
100 20390
100 4342
100 4435
100 8368
100 5190
100 3138
100 4357
100 6223
100 34193
100 7506
100 19279
100 345
100 35233
100 6738
100 19764
100 1613
100 14295
100 10741
100 1830
100 7230
100 14782
100 15753
100 1425
100 16975
100 10440
100 430
100 3015
100 4452
100 17013
100 2784
100 286
100 17367
100 6395
100 11117
100 7495
100 3083
100 4960
100 51161
100 18217
100 2825
100 18771
100 13025
100 19832
100 897
100 3213
100 2555
100 1910
100 29368
100 143
100 13590
100 14616
100 11988
100 9477
100 7370
100 618
100 7649
100 4816
100 5608
100 36084
100 19494
100 40723
100 559
100 5604
100 6302
100 31033
100 3600
100 4155
100 4247
100 1276
100 2933
100 6037
100 4573
100 2490
100 3621
100 28376
100 9824
100 4169
100 21508
100 6677
100 3544
100 406
100 4554
100 4732
100 6152
100 5478
100 8793
100 1949
100 10023
100 49612
100 6633
100 8318
100 7026
100 6648
100 19003
100 794
100 5074
100 507
100 21481
100 20551
100 5334
100 10521
100 3310
100 12029
100 4450
100 10189
100 33040
100 11619
100 3409
100 10176
100 21396
100 8405
100 7174
100 1356
100 7994
100 38471
100 18757
100 6740
100 16128
100 12205
100 3901
100 21429
100 12592
100 34271
100 6609
100 220
100 3899
100 7740
100 6775
100 7184
100 40006
100 7471
100 4456
100 2062
100 5401
100 10670
100 9292
100 9979
100 9686
100 3000
100 1294
100 7604
100 15788
100 6938
100 3713
100 16931
100 13043
100 17553
100 17032
100 6368
100 13258
100 1640
100 908
100 371
100 16962
100 10726
100 201
100 3257
100 3599
100 6162
100 2994
100 1749
100 169
100 5842
100 10223
100 7897
100 25361
100 3278
100 1779
100 6148
100 14837
100 5252
100 254
100 143
100 150
100 2098
100 2697
100 7652
100 9386
100 2525
100 3023
100 35334
100 15665
100 13462
100 5555
100 22082
100 6180
100 21237
100 404
100 5757
100 32829
100 10769
100 2441
100 25198
100 7585
100 36161
100 7196
100 292
100 14007
100 14805
100 3921
100 22121
100 861
100 5138
100 42069
100 5465
100 3047
100 1084
100 15855
100 14521
100 14107
100 3004
100 9950
100 96
100 32313
100 16750
100 10763
100 13633
100 11495
100 24810
100 2361
100 12658
100 803
100 11037
100 7764
100 7202
100 4044
100 24900
100 3800
100 52456
100 2499
100 9584
100 16142
100 4989
100 8535
100 8045
100 1286
100 4172
100 6396
100 24630
100 1171
100 4235
100 17038
100 1661
100 8436
100 34399
100 19240
100 14308
100 8397
100 9280
100 9044
100 21625
100 7790
100 11035
100 14823
100 2020
100 10392
100 2407
100 6107
100 6560
100 1332
100 9302
100 4191
100 716
100 12714
100 21538
100 3652
100 6785
100 3541
100 3179
100 12907
100 176
100 9411
100 3891
100 5694
100 15072
100 17593
100 2140
100 9722
100 4407
100 39165
100 735
100 8833
100 1926
100 4597
100 2532
100 10657
100 1387
100 4443
100 1933
100 822
100 4521
100 29426
100 11644
100 3884
100 2622
100 9797
100 12219
100 743
100 5746
100 3931
100 26982
100 315
100 2309
100 7253
100 1177
100 1229
100 3205
100 1370
100 35003
100 37956
100 2702
100 3992
100 964
100 16219
100 25553
100 22433
100 2865
100 2651
100 7816
100 1124
100 4467
100 2395
100 3338
100 18744
100 15788
