100 7824
100 2877
100 2601
100 291
100 21443
100 1760
100 29463
100 6529
100 1340
100 8548
100 8562
100 8034
100 11769
100 8602
100 9472
100 3302
100 1719
100 12834
100 5465
100 11107
100 11814
100 123
100 4265
100 11332
100 7255
100 12762
100 30392
100 15278
100 2737
100 15705
100 10786
100 15702
100 29549
100 24127
100 7577
100 31863
100 6394
100 19288
100 3284
100 3205
100 1368
100 3324
100 4838
100 6011
100 6232
100 1356
100 19755
100 6119
100 6770
100 2684
100 4873
100 2673
100 9992
100 4752
100 14854
100 6240
100 12166
100 261
100 1120
100 12255
100 15279
100 10180
100 8075
100 2925
100 2708
100 6788
100 6195
100 9092
100 16563
100 19786
100 641
100 704
100 1218
100 22577
100 1116
100 31045
100 9130
100 15957
100 25349
100 5045
100 1357
100 638
100 8231
100 5714
100 1426
100 7723
100 760
100 1095
100 1947
100 20231
100 9554
100 25374
100 20109
100 22561
100 273
100 165
100 8017
100 1297
100 16630
100 2131
100 10178
100 5115
100 22580
100 20228
100 32862
100 11441
100 19615
100 13925
100 17065
100 9906
100 12173
100 20621
100 24811
100 9792
100 16625
100 2819
100 242
100 13973
100 22401
100 20124
100 11271
100 32234
100 16922
100 2079
100 3848
100 3509
100 1034
100 23685
100 8669
100 3440
100 17722
100 256
100 5052
100 27366
100 5797
100 9694
100 23738
100 16516
100 1653
100 10370
100 55249
100 14799
100 5910
100 10489
100 8174
100 24115
100 12269
100 2372
100 1726
100 11625
100 460
100 9726
100 5533
100 23122
100 2735
100 5964
100 19271
100 5043
100 6079
100 11432
100 3700
100 243
100 12590
100 14143
100 4647
100 23413
100 1112
100 1523
100 1749
100 133
100 6493
100 9544
100 3033
100 15982
100 13439
100 3015
100 4973
100 461
100 12252
100 30826
100 14875
100 5587
100 8236
100 18226
100 7910
100 14306
100 6950
100 18340
100 2440
100 45818
100 9498
100 11993
100 8802
100 4217
100 16846
100 24798
100 12710
100 11469
100 923
100 18046
100 5989
100 14459
100 11140
100 60580
100 3897
100 5918
100 1953
100 925
100 17863
100 15874
100 40707
100 1521
100 6602
100 6998
100 5195
100 2211
100 410
100 399
100 11784
100 15782
100 6668
100 5912
100 3572
100 8748
100 1669
100 21112
100 722
100 4070
100 15028
100 497
100 2589
100 41991
100 3911
100 4801
100 2369
100 4579
100 7821
100 3422
100 26
100 2923
100 1163
100 2117
100 15717
100 6102
100 36992
100 9130
100 16836
100 3762
100 10663
100 13900
100 3104
100 494
100 32971
100 5877
100 5196
100 9249
100 1636
100 6619
100 651
100 5838
100 516
100 4437
100 8498
100 16991
100 10126
100 3350
100 3340
100 14520
100 23812
100 2012
100 19371
100 6686
100 2768
100 13597
100 16115
100 3323
100 34583
100 33958
100 2535
100 10261
100 3293
100 2039
100 1725
100 2605
100 3827
100 5008
100 2479
100 14187
100 4191
100 64923
100 6672
100 5297
100 18492
100 4545
100 1061
100 2806
100 260
100 10205
100 3891
100 5824
100 12288
100 5469
100 20092
100 48498
100 21644
100 2191
100 7179
100 39747
100 29138
100 1738
100 2870
100 9053
100 17111
100 8418
100 13896
100 5800
100 21117
100 11795
100 968
100 13046
100 26120
100 2181
100 9679
100 766
100 8044
100 7466
100 5452
100 18785
100 3248
100 2578
100 9653
100 16818
100 1417
100 6232
100 7282
100 6859
100 1893
100 26514
100 18466
100 8171
100 631
100 3936
100 4458
100 5784
100 1185
100 2318
100 6533
100 14420
100 25785
100 16113
100 5325
100 1428
100 13678
100 12803
100 134
100 239
100 8901
100 9512
100 5593
100 21443
100 9514
100 265
100 9503
100 4263
100 5342
100 4950
100 8402
100 5581
100 5622
100 7403
100 1918
100 1875
100 231
100 1335
100 3674
100 10387
100 2566
100 24705
100 3751
100 27470
100 23646
100 28706
100 12994
100 271
100 4011
100 3560
100 3790
100 924
100 7854
100 7889
100 10251
100 12140
100 2968
100 10960
100 978
100 6706
100 5009
100 3215
100 1139
100 3895
100 2093
100 8810
100 8540
100 5351
100 2864
100 9845
100 4933
100 4093
100 3126
100 3062
100 3994
100 7296
100 15235
100 6026
100 18019
100 35783
100 7129
100 33620
100 52580
100 7434
100 216
100 3463
100 2659
100 272
100 13413
100 16301
100 249
100 27406
100 26868
100 2344
100 372
100 53119
100 19200
100 4895
100 14980
100 8712
100 9781
100 5315
100 79
100 7036
100 8881
100 42585
100 6303
100 7626
100 16357
100 6806
100 2871
100 8655
100 11022
100 17520
100 37290
100 12742
100 2745
100 881
100 1076
100 5724
100 41859
100 2051
100 5731
100 5333
100 15215
100 36815
100 44497
100 11288
100 2235
100 2855
100 13012
100 10206
100 15504
100 6109
100 15634
100 27097
100 129
100 7502
100 9420
100 13065
100 1610
100 10679
100 1049
100 560
100 22682
100 43000
100 32613
100 8959
100 7319
100 5385
100 1534
100 2803
100 9327
100 17819
100 21874
100 30802
100 167
100 981
100 951
100 37389
100 51583
100 11411
100 7118
100 15332
100 7128
100 6957
100 7144
100 9606
100 7334
100 2125
100 16445
100 1586
100 20116
100 2313
100 4899
100 18766
100 35414
100 1467
100 1474
100 7053
100 7810
100 19074
100 6737
100 22449
100 13068
100 11867
100 8011
100 5823
100 3928
100 346
100 19456
100 3804
100 811
100 10651
100 2887
100 14572
100 29484
100 5399
100 21963
100 9766
100 5991
100 2812
100 18853
100 24019
100 1683
100 16992
100 119
100 8900
100 7634
100 13229
100 1411
100 17667
100 14571
100 1851
100 14892
100 10377
100 2374
100 11455
100 4174
100 2804
100 9017
100 1875
100 4193
100 18245
100 10340
100 9378
100 8291
100 4020
100 10505
100 781
100 310
100 3661
100 8791
100 7322
100 5079
100 6958
100 17974
100 1094
100 9729
100 18126
100 16853
100 17591
100 52674
100 16449
100 4484
100 10189
100 4585
100 143
100 12114
100 13644
100 10769
100 1493
100 6005
100 14815
100 11712
100 12857
100 1317
100 2262
100 11573
100 9750
100 9588
100 30861
100 22532
100 3775
100 3853
100 11258
100 11436
100 4919
100 3242
100 271
100 3036
100 776
100 12638
100 4433
100 15126
100 14403
100 8625
100 854
100 10251
100 43162
100 864
100 12977
100 311
100 16748
100 373
100 1293
100 6392
100 3977
100 4449
100 4508
100 16455
100 2368
100 38665
100 348
100 2444
100 542
100 2608
100 8408
100 6984
100 20767
100 6444
100 743
100 9013
100 7746
100 954
100 13635
100 1505
100 754
100 9041
100 3235
100 1429
100 9375
100 3042
100 29933
100 1851
100 7706
100 1094
100 35088
100 969
100 2134
100 1676
100 2365
100 6809
100 8396
100 10007
100 2644
100 2386
100 14250
100 6251
100 10202
100 5839
100 6627
100 10469
100 13311
100 10495
100 4741
100 176
100 2605
100 5576
100 3999
100 32867
100 6225
100 11064
100 25627
100 13366
100 11929
100 4132
100 4420
100 3209
100 7211
100 8908
100 404
100 5963
100 422
100 14246
100 10367
100 1991
100 9245
100 4031
100 2262
100 77
100 14528
100 2464
100 2057
100 11107
100 12090
100 2712
100 13543
100 30186
100 2634
100 4529
100 22141
100 29225
100 2098
100 3851
100 922
100 4960
100 4137
100 3982
100 23924
100 3748
100 23490
100 9801
100 2991
100 3891
100 9269
100 11222
100 6054
100 12097
100 766
100 107
100 20707
100 11369
100 4038
100 10451
100 11067
100 5165
100 4674
100 5870
100 9692
100 5275
100 9275
100 8275
100 48601
100 8820
100 17125
100 4555
100 10229
100 12219
100 422
100 32916
100 7085
100 22268
100 2513
100 9819
100 10167
100 15992
100 18137
100 3400
100 38773
100 24426
100 1600
100 8581
100 95
100 14209
100 5721
100 41928
100 5239
100 12874
100 4492
100 3569
100 1366
100 22194
100 26083
100 5839
100 22446
100 15240
100 24633
100 7354
100 1794
100 5834
100 12124
100 14543
100 17875
100 21990
100 2121
100 11316
100 1449
100 6906
100 3747
100 2573
100 30123
100 10241
100 6637
100 18119
100 31332
100 16513
100 3691
100 12942
100 14626
100 20862
100 9540
100 7835
100 16903
100 10413
100 40876
100 17260
100 7213
100 14082
100 2845
100 17042
100 3662
100 6616
100 10449
100 9486
100 4773
100 16272
100 1359
100 4100
100 18766
100 4198
100 3494
100 22878
100 12059
100 7116
100 27804
100 5706
100 41210
100 14905
100 660
100 20201
100 1265
100 2692
100 11546
100 21132
100 444
100 254
100 6928
100 13787
100 5712
100 9808
100 869
100 28128
100 18467
100 16635
100 691
100 6063
100 1069
100 13116
100 15736
100 1462
100 5347
100 31482
100 1420
100 44187
100 9367
100 3569
100 5295
100 37058
100 38794
100 10132
100 7161
100 33557
100 22630
100 143
100 1967
100 22290
100 6142
100 1756
100 545
100 18264
100 1531
100 1883
100 3687
100 54359
100 13743
100 884
100 1554
100 28863
100 23728
100 3797
100 1602
100 6205
100 3120
100 9740
100 52741
100 1699
100 20115
100 19288
100 754
100 2647
100 12665
100 3261
100 9094
100 22316
100 3886
100 1706
100 19206
100 12055
100 488
100 18003
100 22044
100 1147
100 6035
100 7278
100 19543
100 1692
100 6313
100 4645
100 2428
100 4339
100 1753
100 561
100 9067
100 7671
100 16845
100 5627
100 911
100 6096
100 5515
100 9844
100 4891
100 19969
100 19447
100 36520
100 10349
100 2046
100 4574
100 1161
100 898
100 465
100 8431
100 10627
100 2470
100 4673
100 14225
100 6392
100 587
100 1697
100 913
100 14185
100 7248
100 1599
100 19124
100 6821
100 2637
100 1454
100 7848
100 101
100 2593
100 10305
100 6684
100 13291
100 9167
100 3643
100 7001
100 4714
100 13865
100 2517
100 2150
100 28386
100 11031
100 441
100 6273
100 4820
100 2402
100 10470
100 35181
100 585
100 2734
100 469
100 2467
100 9297
100 2358
100 23552
100 1210
100 2654
100 992
100 7273
100 2281
100 1942
100 2737
100 10643
100 4836
100 11777
100 5810
100 13004
100 4651
100 4848
100 7754
100 9104
100 3841
100 17162
100 16938
100 877
100 22672
100 368
100 27340
100 10656
100 2222
100 35403
100 36915
100 6169
100 1246
