100 2797
100 25250
100 16750
100 26653
100 8834
100 4774
100 10410
100 18841
100 11147
100 10329
100 8830
100 11149
100 16424
100 19034
100 8038
100 23287
100 1243
100 3371
100 9467
100 4072
100 32050
100 8604
100 5488
100 2045
100 6960
100 7004
100 3422
100 2413
100 2035
100 44106
100 1155
100 8866
100 15919
100 8423
100 6315
100 541
100 259
100 1240
100 8403
100 41487
100 1394
100 4074
100 313
100 2621
100 4917
100 1665
100 6584
100 10849
100 4514
100 611
100 36048
100 2318
100 6573
100 12606
100 5915
100 3362
100 7026
100 14510
100 2091
100 20892
100 3484
100 4093
100 32750
100 3126
100 12445
100 22852
100 10715
100 6684
100 1535
100 800
100 11593
100 25762
100 26786
100 353
100 19312
100 14914
100 3162
100 1770
100 1279
100 170
100 10094
100 4158
100 20588
100 5903
100 6426
100 1577
100 6465
100 13013
100 13816
100 5417
100 27106
100 1976
100 3655
100 9283
100 4582
100 12208
100 2545
100 37589
100 6889
100 18228
100 15062
100 10107
100 13792
100 13581
100 1842
100 10530
100 20108
100 2882
100 1882
100 22774
100 9250
100 7089
100 15436
100 1453
100 27259
100 13752
100 7861
100 64
100 10783
100 5642
100 3084
100 1402
100 17347
100 727
100 10802
100 2526
100 7874
100 8573
100 129
100 1794
100 8399
100 4439
100 9001
100 11049
100 3279
100 25867
100 27178
100 5186
100 11736
100 19287
100 24918
100 7253
100 54823
100 9130
100 2048
100 11207
100 9923
100 1458
100 22924
100 13919
100 1997
100 28608
100 1074
100 6697
100 5726
100 233
100 21942
100 16846
100 8039
100 4514
100 3372
100 4352
100 815
100 578
100 31617
100 12063
100 66
100 1703
100 10940
100 551
100 416
100 1151
100 3751
100 24810
100 6732
100 13004
100 10362
100 2207
100 361
100 196
100 8483
100 5508
100 20275
100 6340
100 115
100 10847
100 9811
100 23529
100 4152
100 1553
100 130
100 1001
100 714
100 23275
100 2735
100 9089
100 17332
100 4714
100 9481
100 11801
100 12765
100 8214
100 2484
100 13590
100 17982
100 29151
100 13004
100 46788
100 3288
100 794
100 5204
100 525
100 5744
100 3278
100 21838
100 23883
100 30500
100 2013
100 14272
100 31742
100 6330
100 5091
100 1974
100 12044
100 31422
100 79412
100 3748
100 6112
100 12790
100 17147
100 7537
100 7614
100 2081
100 8461
100 7761
100 10648
100 28943
100 8370
100 284
100 18466
100 2223
100 9442
100 1478
100 2240
100 10938
100 5119
100 10837
100 19139
100 8782
100 37725
100 1296
100 2066
100 4344
100 3796
100 9832
100 37975
100 5356
100 17075
100 18625
100 4180
100 10079
100 5955
100 2841
100 4153
100 2523
100 5291
100 2760
100 14346
100 10217
100 1467
100 59014
100 414
100 9585
100 7444
100 14540
100 5970
100 769
100 3984
100 7914
100 915
100 11801
100 3300
100 8146
100 8938
100 3437
100 36952
100 6103
100 2883
100 7543
100 4503
100 1846
100 16082
100 9636
100 8345
100 2314
100 2618
100 7700
100 987
100 26655
100 17892
100 11665
100 17528
100 16705
100 2585
100 49
100 4710
100 14182
100 10568
100 11935
100 4749
100 6733
100 16682
100 1575
100 10257
100 18560
100 49737
100 13374
100 44515
100 30624
100 12534
100 4190
100 2103
100 4106
100 1484
100 2793
100 55025
100 1311
100 3974
100 1039
100 2990
100 3585
100 11184
100 3067
100 2101
100 13903
100 5089
100 903
100 919
100 12041
100 4097
100 18194
100 17072
100 311
100 21616
100 1563
100 2162
100 10810
100 8284
100 18164
100 1213
100 2687
100 10910
100 13039
100 1751
100 2744
100 6813
100 10868
100 1163
100 5297
100 7006
100 29205
100 11572
100 6696
100 9683
100 205
100 25539
100 15130
100 7558
100 1413
100 8282
100 2735
100 9674
100 1899
100 3788
100 8080
100 15642
100 85
100 15997
100 6358
100 18916
100 1589
100 3061
100 3919
100 8873
100 16052
100 5979
100 8956
100 45433
100 754
100 3914
100 8887
100 1037
100 13698
100 21402
100 4685
100 8548
100 8603
100 7692
100 8477
100 16008
100 14657
100 257
100 6806
100 4255
100 1573
100 26572
100 4209
100 4310
100 17514
100 911
100 9310
100 6551
100 31374
100 6840
100 31340
100 39159
100 25375
100 253
100 10185
100 5969
100 1188
100 2350
100 24892
100 29673
100 32565
100 26458
100 6940
100 38131
100 4798
100 7651
100 13273
100 3648
100 2398
100 6437
100 3223
100 14430
100 1568
100 12979
100 13669
100 5147
100 2414
100 2812
100 917
100 884
100 2586
100 12165
100 4810
100 5071
100 6057
100 2936
100 7587
100 8532
100 11113
100 8706
100 8042
100 10071
100 1097
100 4725
100 4373
100 11295
100 1974
100 20582
100 1166
100 4318
100 64
100 71242
100 11446
100 926
100 11927
100 21448
100 5840
100 2438
100 10568
100 9572
100 5992
100 6069
100 2292
100 12520
100 12086
100 17812
100 6286
100 11408
100 715
100 6081
100 8462
100 10394
100 3517
100 345
100 4597
100 7285
100 614
100 3345
100 1998
100 11936
100 1706
100 3302
100 10511
100 4512
100 3178
100 8397
100 11354
100 10852
100 3941
100 2512
100 26903
100 1731
100 10857
100 8650
100 2502
100 10922
100 846
100 8575
100 13349
100 25370
100 2923
100 16890
100 7973
100 4532
100 1961
100 7887
100 18698
100 27273
100 8993
100 3838
100 7042
100 29565
100 2426
100 9011
100 8168
100 18893
100 19635
100 14644
100 4564
100 5073
100 3267
100 378
100 988
100 13442
100 16650
100 6661
100 14376
100 18198
100 7159
100 170
100 5183
100 875
100 3449
100 5018
100 12855
100 9008
100 6741
100 13315
100 15054
100 739
100 5083
100 13234
100 6107
100 4601
100 8911
100 19907
100 46146
100 16278
100 6871
100 3926
100 21697
100 3809
100 8806
100 11573
100 344
100 9029
100 8977
100 4946
100 38518
100 5011
100 223
100 14138
100 8911
100 4156
100 5224
100 5437
100 17462
100 476
100 8397
100 550
100 4464
100 504
100 51613
100 8746
100 22903
100 4156
100 11
100 17810
100 9928
100 9558
100 34
100 3706
100 19284
100 12270
100 47305
100 28848
100 6194
100 12516
100 15224
100 17410
100 714
100 11792
100 13482
100 7346
100 7838
100 14257
100 7151
100 5289
100 6071
100 12921
100 24142
100 4413
100 18186
100 6860
100 677
100 12234
100 28766
100 6584
100 8036
100 2014
100 5318
100 4582
100 4318
100 1784
100 6455
100 6727
100 23593
100 25214
100 1800
100 948
100 5700
100 274
100 13519
100 4805
100 19199
100 9568
100 3759
100 4472
100 21250
100 3195
100 1079
100 21722
100 238
100 16878
100 9812
100 14731
100 11943
100 828
100 4272
100 1937
100 2522
100 4615
100 3082
100 696
100 1454
100 5699
100 9025
100 749
100 5911
100 36605
100 12945
100 41019
100 13693
100 8496
100 17171
100 18569
100 1826
100 9709
100 9841
100 7503
100 12259
100 3006
100 2587
100 2533
100 8570
100 1249
100 18612
100 787
100 5010
100 5476
100 261
100 3295
100 10524
100 36168
100 3958
100 2880
100 4829
100 21597
100 4775
100 2932
100 29532
100 4124
100 2757
100 5522
100 20982
100 5802
100 7370
100 20135
100 3261
100 2700
100 9949
100 8857
100 2191
100 43157
100 7520
100 3457
100 740
100 10032
100 2354
100 16745
100 25373
100 5990
100 13045
100 208
100 8392
100 2486
100 21185
100 8517
100 7213
100 9694
100 15820
100 3230
100 5841
100 17485
100 21418
100 2159
100 2031
100 3437
100 5336
100 8655
100 1869
100 7394
100 155
100 1491
100 8466
100 2626
100 4154
100 19541
100 1149
100 16014
100 41749
100 4456
100 13234
100 13
100 20428
100 528
100 1946
100 7009
100 4193
100 8183
100 2697
100 2222
100 26476
100 295
100 7449
100 2490
100 1721
100 17720
100 11977
100 8012
100 6182
100 6366
100 519
100 4404
100 15952
100 9822
100 10501
100 610
100 16470
100 1688
100 94
100 76
100 349
100 10988
100 2184
100 38798
100 16234
100 10134
100 12297
100 2573
100 2715
100 89
100 10196
100 2633
100 96
100 4425
100 25255
100 4390
100 2964
100 46439
100 1718
100 10072
100 9244
100 16936
100 2628
100 6108
100 16271
100 8102
100 6123
100 12556
100 12270
100 4818
100 10779
100 4399
100 8454
100 12650
100 1983
100 8450
100 7166
100 21432
100 3410
100 15722
100 4604
100 19445
100 12751
100 3057
100 1026
100 9337
100 2375
100 10968
100 714
100 8913
100 1772
100 1046
100 16928
100 25732
100 961
100 500
100 8048
100 14479
100 7871
100 37062
100 6952
100 40303
100 5830
100 3054
100 7021
100 17576
100 10644
100 24200
100 44927
100 25603
100 5149
100 996
100 11034
100 21661
100 10805
100 1981
100 23603
100 5665
100 5233
100 7278
100 19013
100 7446
100 14963
100 2755
100 6905
100 2737
100 6555
100 17005
100 17609
100 1172
100 8061
100 1764
100 4376
100 97171
100 9840
100 18949
100 12421
100 3628
100 1666
100 14336
100 37625
100 13221
100 2819
100 25195
100 2392
100 1511
100 18832
100 8289
100 2772
100 8110
100 10123
100 18210
100 7491
100 6201
100 9696
100 5476
100 12586
100 11624
100 19995
100 19246
100 3576
100 2141
100 3440
100 24638
100 8465
100 16526
100 3291
100 10564
100 12168
100 5514
100 3468
100 258
100 17658
100 20214
100 7996
100 6910
100 16127
100 8
100 5811
100 6587
100 2140
100 25881
100 19947
100 923
100 22036
100 1263
100 18591
100 3439
100 25925
100 1939
100 5557
100 2448
100 2239
100 15945
100 94
100 434
100 3073
100 1607
100 370
100 2548
100 11568
100 1246
100 14738
100 31091
100 10594
100 3357
100 14192
100 6326
100 15109
100 2329
100 9170
100 6435
100 5209
100 2364
100 3474
100 4646
100 3152
100 472
100 1573
100 16134
100 18058
100 8060
100 8463
100 4726
100 6107
100 4822
100 14115
100 6667
100 20152
100 16724
100 2313
100 29847
100 16241
100 2726
100 16833
100 18
100 4447
100 19586
100 43956
100 16219
100 9282
100 1799
100 12025
100 574
100 288
100 6347
100 27441
100 8458
100 2362
100 15284
100 27116
100 10237
100 6739
100 3054
100 3639
100 2657
100 9899
100 6202
100 32703
100 3249
100 11475
100 8729
100 909
100 27400
