100 2116
100 320
100 9073
100 3588
100 2996
100 1593
100 6276
100 20331
100 478
100 6684
100 532
100 618
100 2423
100 33068
100 6266
100 827
100 1908
100 6662
100 2992
100 745
100 13388
100 1093
100 2555
100 883
100 8640
100 51632
100 1442
100 12297
100 3978
100 4796
100 32676
100 14708
100 4954
100 6165
100 16529
100 6828
100 188
100 14180
100 4901
100 18286
100 9543
100 7391
100 8373
100 16507
100 6772
100 2457
100 5620
100 2833
100 3103
100 1710
100 1468
100 5042
100 14165
100 8968
100 514
100 21316
100 8733
100 4136
100 5846
100 194
100 7125
100 16037
100 18287
100 19837
100 17531
100 1305
100 54
100 618
100 18348
100 12723
100 9574
100 1181
100 9885
100 9794
100 17453
100 36
100 6828
100 4256
100 27639
100 22901
100 9768
100 1171
100 24987
100 10625
100 1691
100 27874
100 6887
100 4938
100 337
100 5877
100 37444
100 21799
100 19057
100 274
100 4039
100 2340
100 8069
100 4320
100 13077
100 1002
100 4828
100 29172
100 13686
100 520
100 19645
100 216
100 14705
100 6125
100 21179
100 31717
100 18277
100 11375
100 6244
100 762
100 8654
100 2762
100 526
100 15219
100 10721
100 4129
100 12845
100 378
100 11459
100 130
100 3866
100 6716
100 10182
100 6697
100 347
100 10295
100 7127
100 4871
100 870
100 16414
100 27418
100 19644
100 33780
100 3194
100 14265
100 5015
100 12002
100 9520
100 5512
100 10337
100 5491
100 25868
100 29381
100 5873
100 394
100 18659
100 1308
100 33497
100 9359
100 1604
100 253
100 5748
100 10407
100 12666
100 2240
100 4002
100 20985
100 3038
100 32680
100 2778
100 5821
100 1477
100 1676
100 8086
100 46
100 15454
100 448
100 1330
100 114
100 9242
100 2655
100 2413
100 6026
100 10405
100 47
100 3349
100 13389
100 22380
100 15852
100 7332
100 20535
100 7677
100 77
100 4577
100 3736
100 6065
100 9424
100 840
100 22494
100 6145
100 5184
100 5701
100 2796
100 240
100 10164
100 11095
100 17307
100 2861
100 5640
100 15974
100 7553
100 1659
100 243
100 667
100 532
100 1102
100 12307
100 10121
100 2736
100 5515
100 12236
100 6523
100 791
100 3705
100 10024
100 6080
100 25220
100 1931
100 4436
100 18293
100 3310
100 1613
100 10046
100 1059
100 6562
100 9837
100 4541
100 48183
100 993
100 866
100 10381
100 2660
100 1533
100 3039
100 23013
100 2467
100 229
100 4806
100 35761
100 2482
100 10699
100 1423
100 19196
100 6036
100 22912
100 35417
100 16900
100 5532
100 1996
100 3638
100 3080
100 5222
100 8665
100 11043
100 7020
100 2225
100 1373
100 17128
100 1174
100 5097
100 12489
100 4599
100 11143
100 9145
100 1309
100 29932
100 3622
100 19346
100 1154
100 19502
100 26799
100 10760
100 15096
100 7267
100 19995
100 5112
100 13300
100 6626
100 3362
100 8836
100 5251
100 2437
100 24164
100 6283
100 10829
100 8288
100 14763
100 1158
100 18655
100 36
100 18448
100 5152
100 246
100 9245
100 28981
100 7734
100 8022
100 21868
100 202
100 2005
100 3162
100 10198
100 11675
100 25777
100 56281
100 1254
100 48291
100 7080
100 5578
100 8657
100 56618
100 5343
100 5459
100 7333
100 19332
100 29127
100 15310
100 6842
100 2202
100 5053
100 1645
100 3068
100 964
100 20601
100 27292
100 5198
100 10976
100 4227
100 11693
100 2218
100 1998
100 3206
100 6557
100 12799
100 14249
100 3791
100 8115
100 3102
100 44001
100 6022
100 7821
100 5030
100 7237
100 13953
100 3066
100 18138
100 23506
100 1593
100 3780
100 22929
100 7188
100 15613
100 15904
100 4350
100 3508
100 10269
100 1920
100 1581
100 9904
100 6155
100 14059
100 2720
100 21404
100 28902
100 15294
100 3277
100 16759
100 30841
100 14276
100 8925
100 3242
100 10899
100 11608
100 55850
100 3528
100 7521
100 7838
100 4060
100 8365
100 975
100 1605
100 3450
100 28931
100 3217
100 5444
100 16950
100 10601
100 28749
100 3678
100 3956
100 3476
100 7871
100 12066
100 2920
100 4472
100 6732
100 28385
100 32289
100 738
100 8933
100 2305
100 12348
100 6240
100 3149
100 7664
100 19380
100 18081
100 4529
100 11597
100 52689
100 14227
100 19016
100 21998
100 4802
100 1985
100 7001
100 28255
100 7343
100 10980
100 10256
100 8605
100 16801
100 1434
100 63153
100 4568
100 13526
100 12072
100 5938
100 7400
100 385
100 15386
100 5120
100 12664
100 26434
100 3168
100 1299
100 8129
100 1115
100 542
100 1472
100 10897
100 2301
100 12644
100 4405
100 11372
100 504
100 2747
100 8786
100 9645
100 5893
100 31171
100 13784
100 4746
100 1522
100 19081
100 10679
100 33426
100 577
100 10003
100 19264
100 5339
100 35012
100 13943
100 5005
100 9490
100 5521
100 8067
100 10560
100 35185
100 115
100 2036
100 11371
100 26359
100 20945
100 18863
100 4704
100 3188
100 10689
100 26044
100 10806
100 851
100 12831
100 13660
100 5434
100 6365
100 14721
100 7451
100 4540
100 9867
100 3125
100 23422
100 9936
100 1219
100 2978
100 11277
100 10840
100 439
100 2825
100 7018
100 20396
100 1114
100 1727
100 23047
100 11156
100 9856
100 9514
100 20418
100 48477
100 7404
100 14329
100 6567
100 2514
100 543
100 4070
100 6344
100 7186
100 80
100 6181
100 2660
100 2008
100 37208
100 5909
100 3140
100 4637
100 13852
100 6540
100 4213
100 1991
100 3519
100 1649
100 19117
100 43715
100 41014
100 4889
100 7857
100 43271
100 196
100 14311
100 12092
100 2381
100 1102
100 2871
100 6020
100 7800
100 9755
100 2064
100 19750
100 606
100 10100
100 6338
100 2059
100 3247
100 16417
100 1664
100 2651
100 3976
100 3401
100 7440
100 272
100 1888
100 5568
100 1213
100 11435
100 3735
100 26801
100 4921
100 6416
100 6927
100 5762
100 10236
100 1577
100 1843
100 13241
100 951
100 6965
100 3588
100 16729
100 5464
100 21129
100 8779
100 5289
100 662
100 1580
100 16378
100 651
100 26608
100 4042
100 5630
100 5878
100 10465
100 12349
100 8244
100 5786
100 12423
100 3083
100 7456
100 3765
100 9733
100 22558
100 10163
100 34235
100 20700
100 16017
100 5885
100 2108
100 44174
100 6518
100 16666
100 16077
100 18356
100 2086
100 21211
100 1929
100 18792
100 2937
100 1086
100 449
100 8103
100 4489
100 4310
100 2052
100 4598
100 3488
100 10743
100 3885
100 22929
100 17027
100 19168
100 5944
100 11902
100 2519
100 13516
100 5068
100 2523
100 9326
100 3004
100 21971
100 15292
100 11045
100 19002
100 7686
100 468
100 12941
100 5052
100 588
100 12529
100 24166
100 6160
100 8621
100 14104
100 14832
100 2750
100 7440
100 12232
100 12992
100 2308
100 2730
100 2405
100 3096
100 10765
100 1490
100 19179
100 2558
100 8066
100 1356
100 6278
100 12752
100 4371
100 404
100 340
100 9483
100 39924
100 1227
100 300
100 2519
100 1612
100 10611
100 9696
100 4304
100 12718
100 5539
100 8317
100 5309
100 923
100 22497
100 4583
100 14979
100 4880
100 16496
100 2536
100 6436
100 5275
100 33211
100 3634
100 645
100 495
100 14592
100 12636
100 9514
100 16383
100 9740
100 32080
100 357
100 50574
100 7321
100 3854
100 5599
100 1521
100 2211
100 9660
100 1431
100 1662
100 7437
100 15945
100 9778
100 38027
100 11371
100 4080
100 8182
100 6557
100 732
100 1631
100 7238
100 1327
100 13131
100 4161
100 3274
100 25534
100 15214
100 3432
100 9790
100 550
100 2216
100 3255
100 728
100 28174
100 2878
100 6613
100 18183
100 10671
100 2496
100 3714
100 4312
100 26264
100 13373
100 7035
100 5133
100 16352
100 8469
100 1575
100 3053
100 7025
100 6655
100 4394
100 4819
100 6130
100 3773
100 9115
100 626
100 9880
100 1335
100 3563
100 11508
100 5392
100 4779
100 22597
100 3223
100 17962
100 20821
100 3491
100 10092
100 461
100 4270
100 11549
100 2125
100 4189
100 1813
100 31171
100 2086
100 3490
100 4344
100 16570
100 18403
100 3507
100 11450
100 15967
100 23783
100 32577
100 17927
100 7858
100 30481
100 18017
100 7937
100 7196
100 8123
100 7286
100 5044
100 5477
100 17819
100 2513
100 552
100 8403
100 4715
100 2310
100 26488
100 5366
100 17570
100 4777
100 6760
100 1115
100 6430
100 25472
100 3911
100 13621
100 583
100 495
100 6203
100 4973
100 274
100 1965
100 13262
100 5029
100 3843
100 5035
100 18533
100 3309
100 31761
100 5567
100 1593
100 41942
100 21530
100 7285
100 5787
100 16234
100 224
100 15406
100 7063
100 2470
100 27973
100 18433
100 1260
100 6384
100 1566
100 13543
100 11563
100 2781
100 7232
100 33111
100 297
100 27533
100 1225
100 1719
100 4652
100 10782
100 18192
100 1143
100 8376
100 13676
100 6790
100 639
100 30829
100 9351
100 11039
100 1472
100 4883
100 1287
100 12498
100 16275
100 3260
100 4221
100 4498
100 6120
100 17204
100 8981
100 15829
100 4506
100 3847
100 23941
100 21974
100 13657
100 42386
100 14142
100 10763
100 15960
100 6270
100 9122
100 12536
100 10813
100 3090
100 4730
100 2388
100 26639
100 28853
100 10573
100 20976
100 3787
100 9487
100 72
100 10189
100 6983
100 15103
100 13564
100 6728
100 2250
100 14333
100 7275
100 15138
100 753
100 10363
100 1079
100 5355
100 7924
100 13945
100 15098
100 1087
100 19788
100 10387
100 1509
100 2810
100 12048
100 993
100 3224
100 10762
100 5025
100 18686
100 11250
100 7
100 10070
100 14858
100 17223
100 492
100 428
100 2579
100 4881
100 8547
100 3422
100 8278
100 17132
100 8115
100 18436
100 37004
100 15640
100 478
100 3714
100 7259
100 526
100 1373
100 2071
100 4172
100 6759
100 22792
100 3468
100 15065
100 13119
100 20118
100 7778
100 7656
100 5281
100 936
100 1808
100 2764
100 14214
100 13914
100 1804
100 11637
100 10361
100 15186
100 2043
100 25887
100 9426
100 3919
100 168
100 2627
100 3646
100 24383
100 19408
100 11405
100 3473
100 16844
100 948
100 2824
100 114
100 49064
100 2871
100 719
100 44709
100 1669
100 458
100 3970
100 14645
100 5255
100 31834
100 1822
100 10850
100 9375
100 2340
